dropout: 0.22966379330684816
learning_rate: 0.0005388994668040886
weight_decay: 0.0004967230087380138
