dropout: 0.5923756549214603
learning_rate: 0.0015824266419995883
weight_decay: 7.957892369380375e-05
