average_train_loss_per_token,average_validation_accuracy_per_token,average_validation_loss_per_token,epoch,step
2.1810879707336426,,,0,49
1.7765352725982666,,,0,99
1.7846287488937378,,,0,149
1.6233965158462524,,,0,199
1.5824320316314697,,,0,249
1.6084144115447998,,,0,299
1.5457029342651367,,,0,349
1.520982027053833,,,0,399
1.5373927354812622,,,0,449
1.4835978746414185,,,0,499
1.4385831356048584,,,0,549
1.4869272708892822,,,0,599
1.3973182439804077,,,0,649
1.410456895828247,,,0,699
1.3356633186340332,,,0,749
1.4296739101409912,,,0,799
1.3486043214797974,,,0,849
1.356925368309021,,,0,899
1.2908395528793335,,,0,949
1.2197295427322388,,,0,999
1.2757397890090942,,,0,1049
1.2327815294265747,,,0,1099
1.2573251724243164,,,0,1149
1.2124457359313965,,,0,1199
1.2126504182815552,,,0,1249
1.3032684326171875,,,0,1299
1.2304577827453613,,,0,1349
1.1826469898223877,,,0,1399
1.1148415803909302,,,0,1449
1.1679595708847046,,,0,1499
1.2050213813781738,,,0,1549
1.1917791366577148,,,0,1599
1.1754951477050781,,,0,1649
1.1959415674209595,,,0,1699
1.1400341987609863,,,0,1749
1.1513899564743042,,,0,1799
1.1024508476257324,,,0,1849
1.1741678714752197,,,0,1899
1.1563841104507446,,,0,1949
1.12465238571167,,,0,1999
1.0481648445129395,,,0,2049
1.0783557891845703,,,0,2099
1.079325795173645,,,0,2149
1.0599145889282227,,,0,2199
1.0752272605895996,,,0,2249
1.0908937454223633,,,0,2299
1.070473551750183,,,0,2349
1.0647145509719849,,,0,2399
1.0314867496490479,,,0,2449
1.024822473526001,,,0,2499
0.9878742694854736,,,0,2549
0.9958969354629517,,,0,2599
0.9906653165817261,,,0,2649
0.982268750667572,,,0,2699
0.9731616973876953,,,0,2749
1.0198217630386353,,,0,2799
1.0067907571792603,,,0,2849
0.9601090550422668,,,0,2899
0.9902852773666382,,,0,2949
0.9635823369026184,,,0,2999
0.9663650989532471,,,0,3049
0.9659057855606079,,,0,3099
0.9574736952781677,,,0,3149
0.9911743402481079,,,0,3199
0.9842557311058044,,,0,3249
0.9287559390068054,,,0,3299
0.9168575406074524,,,0,3349
0.9454390406608582,,,0,3399
0.9055425524711609,,,0,3449
0.9115628600120544,,,0,3499
0.90809166431427,,,0,3549
0.9536471366882324,,,0,3599
0.9051569104194641,,,0,3649
0.921574592590332,,,0,3699
0.8998538255691528,,,0,3749
0.8883576989173889,,,0,3799
0.8579062819480896,,,0,3849
0.9072892665863037,,,0,3899
0.8421294689178467,,,0,3949
0.9117317795753479,,,0,3999
0.8812268972396851,,,0,4049
0.8817859292030334,,,0,4099
0.8900864720344543,,,0,4149
0.8195685148239136,,,0,4199
0.8545274138450623,,,0,4249
0.8153197169303894,,,0,4299
0.8976577520370483,,,0,4349
0.8169142603874207,,,0,4399
0.8839321732521057,,,0,4449
0.8832964897155762,,,0,4499
0.8726450204849243,,,0,4549
0.8444705605506897,,,0,4599
0.8466646075248718,,,0,4649
0.7829503417015076,,,0,4699
0.8458661437034607,,,0,4749
0.8173917531967163,,,0,4799
0.8578783869743347,,,0,4849
0.8438371419906616,,,0,4899
0.8044804334640503,,,0,4949
0.8253445625305176,,,0,4999
0.8214740753173828,,,0,5049
0.8682358860969543,,,0,5099
0.8249328136444092,,,0,5149
0.7595627903938293,,,0,5199
0.8484272360801697,,,0,5249
0.7821229696273804,,,0,5299
0.77500981092453,,,0,5349
0.7636112570762634,,,0,5399
0.7489779591560364,,,0,5449
0.8240609169006348,,,0,5499
0.7485177516937256,,,0,5549
0.7761391401290894,,,0,5599
0.8142415881156921,,,0,5649
0.7808561325073242,,,0,5699
0.7853270769119263,,,0,5749
0.7600820660591125,,,0,5799
0.7610237002372742,,,0,5849
0.7567645907402039,,,0,5899
0.7637466788291931,,,0,5949
0.73438560962677,,,0,5999
0.7685807347297668,,,0,6049
0.7800170183181763,,,0,6099
0.7534918785095215,,,0,6149
0.7161233425140381,,,0,6199
0.7765963673591614,,,0,6249
0.7818962335586548,,,0,6299
0.7379468083381653,,,0,6349
0.7704528570175171,,,0,6399
0.7558912634849548,,,0,6449
0.6792029142379761,,,0,6499
0.6989437937736511,,,0,6549
0.6801834106445312,,,0,6599
0.7549440860748291,,,0,6649
0.6799356341362,,,0,6699
0.7241140007972717,,,0,6749
0.7673390507698059,,,0,6799
0.6581592559814453,,,0,6849
0.6793093085289001,,,0,6899
0.7365068197250366,,,0,6949
0.703869104385376,,,0,6999
0.7596976161003113,,,0,7049
0.6756163239479065,,,0,7099
0.680992841720581,,,0,7149
0.717069149017334,,,0,7199
0.6927361488342285,,,0,7249
0.7392879128456116,,,0,7299
0.7366808652877808,,,0,7349
0.6575015783309937,,,0,7399
0.6923796534538269,,,0,7449
0.7305057644844055,,,0,7499
0.6609041094779968,,,0,7549
0.7343418002128601,,,0,7599
0.6830913424491882,,,0,7649
0.7353720664978027,,,0,7699
0.7153998017311096,,,0,7749
0.6450337767601013,,,0,7799
0.684546172618866,,,0,7849
0.6712307333946228,,,0,7899
0.7045953273773193,,,0,7949
0.6964224576950073,,,0,7999
0.7403519749641418,,,0,8049
0.660178542137146,,,0,8099
0.6548576354980469,,,0,8149
0.6560677289962769,,,0,8199
0.6613097786903381,,,0,8249
0.6544859409332275,,,0,8299
0.6996946334838867,,,0,8349
0.6675199270248413,,,0,8399
0.6650366187095642,,,0,8449
0.6808788776397705,,,0,8499
0.7021996378898621,,,0,8549
0.6588147878646851,,,0,8599
0.6218221187591553,,,0,8649
0.6615182161331177,,,0,8699
0.6662828922271729,,,0,8749
0.6202333569526672,,,0,8799
0.6751871705055237,,,0,8849
0.6566360592842102,,,0,8899
0.6523739099502563,,,0,8949
0.5810521245002747,,,0,8999
0.6735014915466309,,,0,9049
0.6756554841995239,,,0,9099
0.6297920346260071,,,0,9149
,0.7898268699645996,0.5623242259025574,0,9198
0.666263997554779,,,1,9199
0.6075047254562378,,,1,9249
0.6059823632240295,,,1,9299
0.6111105680465698,,,1,9349
0.6443541646003723,,,1,9399
0.638110876083374,,,1,9449
0.6013861298561096,,,1,9499
0.6478853821754456,,,1,9549
0.6629253029823303,,,1,9599
0.5967778563499451,,,1,9649
0.7162054181098938,,,1,9699
0.6076995730400085,,,1,9749
0.6304059624671936,,,1,9799
0.6008023023605347,,,1,9849
0.6320145726203918,,,1,9899
0.6272519826889038,,,1,9949
0.5707941055297852,,,1,9999
0.5925294756889343,,,1,10049
0.6436065435409546,,,1,10099
0.6135820746421814,,,1,10149
0.6519599556922913,,,1,10199
0.5791247487068176,,,1,10249
0.6129768490791321,,,1,10299
0.5829216241836548,,,1,10349
0.582021176815033,,,1,10399
0.6546657085418701,,,1,10449
0.6286991238594055,,,1,10499
0.6254268288612366,,,1,10549
0.6212791800498962,,,1,10599
0.5775126218795776,,,1,10649
0.6422996520996094,,,1,10699
0.6400086879730225,,,1,10749
0.5680606961250305,,,1,10799
0.6167494654655457,,,1,10849
0.5903350710868835,,,1,10899
0.5819576382637024,,,1,10949
0.5731546878814697,,,1,10999
0.6197862029075623,,,1,11049
0.6292560696601868,,,1,11099
0.6218074560165405,,,1,11149
0.6065958738327026,,,1,11199
0.569186270236969,,,1,11249
0.596497118473053,,,1,11299
0.6015276312828064,,,1,11349
0.5849704742431641,,,1,11399
0.5651543140411377,,,1,11449
0.5740583539009094,,,1,11499
0.6113080978393555,,,1,11549
0.5494074821472168,,,1,11599
0.6277186870574951,,,1,11649
0.6229782700538635,,,1,11699
0.5192493200302124,,,1,11749
0.5638439655303955,,,1,11799
0.6188894510269165,,,1,11849
0.6110126972198486,,,1,11899
0.5542851686477661,,,1,11949
0.5763397812843323,,,1,11999
0.5418593287467957,,,1,12049
0.5617106556892395,,,1,12099
0.6148018836975098,,,1,12149
0.570870041847229,,,1,12199
0.5694259405136108,,,1,12249
0.5354354381561279,,,1,12299
0.5855039954185486,,,1,12349
0.6118320822715759,,,1,12399
0.5250033736228943,,,1,12449
0.6005408763885498,,,1,12499
0.5841941833496094,,,1,12549
0.5602446794509888,,,1,12599
0.5647338032722473,,,1,12649
0.5624626278877258,,,1,12699
0.5674589276313782,,,1,12749
0.5790718793869019,,,1,12799
0.5249150991439819,,,1,12849
0.554163932800293,,,1,12899
0.6067390441894531,,,1,12949
0.5752456188201904,,,1,12999
0.5612814426422119,,,1,13049
0.638351559638977,,,1,13099
0.5397228002548218,,,1,13149
0.5394987463951111,,,1,13199
0.5548697113990784,,,1,13249
0.5400452613830566,,,1,13299
0.5979490280151367,,,1,13349
0.5753041505813599,,,1,13399
0.5342660546302795,,,1,13449
0.5390372276306152,,,1,13499
0.5538647174835205,,,1,13549
0.570789635181427,,,1,13599
0.563442587852478,,,1,13649
0.5653437972068787,,,1,13699
0.5792840123176575,,,1,13749
0.49384549260139465,,,1,13799
0.5382982492446899,,,1,13849
0.5390648245811462,,,1,13899
0.5291060209274292,,,1,13949
0.5596411228179932,,,1,13999
0.5520859956741333,,,1,14049
0.529413640499115,,,1,14099
0.5487414002418518,,,1,14149
0.5502330660820007,,,1,14199
0.5118790864944458,,,1,14249
0.5438129901885986,,,1,14299
0.5276630520820618,,,1,14349
0.5723007321357727,,,1,14399
0.5553110241889954,,,1,14449
0.5146845579147339,,,1,14499
0.5402469038963318,,,1,14549
0.49897775053977966,,,1,14599
0.5561022162437439,,,1,14649
0.5549646615982056,,,1,14699
0.5134070515632629,,,1,14749
0.540100634098053,,,1,14799
0.5413797497749329,,,1,14849
0.5675331354141235,,,1,14899
0.5441542267799377,,,1,14949
0.5516358017921448,,,1,14999
0.5361037254333496,,,1,15049
0.5722178220748901,,,1,15099
0.5427865982055664,,,1,15149
0.6050395965576172,,,1,15199
0.5358022451400757,,,1,15249
0.5390259027481079,,,1,15299
0.48541226983070374,,,1,15349
0.5656946301460266,,,1,15399
0.5515917539596558,,,1,15449
0.5357031226158142,,,1,15499
0.535764753818512,,,1,15549
0.5545219779014587,,,1,15599
0.4917376637458801,,,1,15649
0.515294075012207,,,1,15699
0.5184481739997864,,,1,15749
0.5354467630386353,,,1,15799
0.5718922019004822,,,1,15849
0.5208329558372498,,,1,15899
0.5084449052810669,,,1,15949
0.5107924938201904,,,1,15999
0.5127303004264832,,,1,16049
0.5332244038581848,,,1,16099
0.5308001637458801,,,1,16149
0.4691312313079834,,,1,16199
0.4885566532611847,,,1,16249
0.550552248954773,,,1,16299
0.5331719517707825,,,1,16349
0.4931601881980896,,,1,16399
0.4855421781539917,,,1,16449
0.5192206501960754,,,1,16499
0.4564240276813507,,,1,16549
0.5600886344909668,,,1,16599
0.49321767687797546,,,1,16649
0.4986732006072998,,,1,16699
0.493281751871109,,,1,16749
0.4603901207447052,,,1,16799
0.5034214854240417,,,1,16849
0.4789418876171112,,,1,16899
0.5111656785011292,,,1,16949
0.4965963065624237,,,1,16999
0.43989795446395874,,,1,17049
0.4985077381134033,,,1,17099
0.48892197012901306,,,1,17149
0.5059599876403809,,,1,17199
0.4955597221851349,,,1,17249
0.48514536023139954,,,1,17299
0.5123195052146912,,,1,17349
0.49919137358665466,,,1,17399
0.48136165738105774,,,1,17449
0.5261436104774475,,,1,17499
0.45437172055244446,,,1,17549
0.4686429500579834,,,1,17599
0.5053688287734985,,,1,17649
0.5179215669631958,,,1,17699
0.45034387707710266,,,1,17749
0.49429962038993835,,,1,17799
0.44893789291381836,,,1,17849
0.4864063262939453,,,1,17899
0.5400481820106506,,,1,17949
0.49381253123283386,,,1,17999
0.5203303694725037,,,1,18049
0.4510975480079651,,,1,18099
0.49796441197395325,,,1,18149
0.4332217872142792,,,1,18199
0.4870576858520508,,,1,18249
0.4424612522125244,,,1,18299
0.4787461757659912,,,1,18349
,0.8429532051086426,0.41629642248153687,1,18397
0.4584757685661316,,,2,18399
0.4641144275665283,,,2,18449
0.4470289647579193,,,2,18499
0.5359402298927307,,,2,18549
0.44044575095176697,,,2,18599
0.47331175208091736,,,2,18649
0.48762428760528564,,,2,18699
0.4482397139072418,,,2,18749
0.4776240587234497,,,2,18799
0.4654499590396881,,,2,18849
0.44399842619895935,,,2,18899
0.4713166654109955,,,2,18949
0.49523797631263733,,,2,18999
0.4546453356742859,,,2,19049
0.47373631596565247,,,2,19099
0.46123066544532776,,,2,19149
0.44580110907554626,,,2,19199
0.48887211084365845,,,2,19249
0.5133089423179626,,,2,19299
0.46946367621421814,,,2,19349
0.4599684476852417,,,2,19399
0.49678781628608704,,,2,19449
0.4565129578113556,,,2,19499
0.446090966463089,,,2,19549
0.39881232380867004,,,2,19599
0.4655905067920685,,,2,19649
0.4873940646648407,,,2,19699
0.41812410950660706,,,2,19749
0.45519205927848816,,,2,19799
0.4267188310623169,,,2,19849
0.4234985411167145,,,2,19899
0.443027138710022,,,2,19949
0.4949071407318115,,,2,19999
0.4604918360710144,,,2,20049
0.45578742027282715,,,2,20099
0.402620792388916,,,2,20149
0.424929678440094,,,2,20199
0.43860122561454773,,,2,20249
0.41167646646499634,,,2,20299
0.4471965730190277,,,2,20349
0.5087381601333618,,,2,20399
0.3955911695957184,,,2,20449
0.4446497857570648,,,2,20499
0.4152607321739197,,,2,20549
0.4202761948108673,,,2,20599
0.3408491909503937,,,2,20649
0.45811179280281067,,,2,20699
0.397925466299057,,,2,20749
0.4106191098690033,,,2,20799
0.4155002534389496,,,2,20849
0.3754097521305084,,,2,20899
0.43448302149772644,,,2,20949
0.44243913888931274,,,2,20999
0.44810739159584045,,,2,21049
0.46179094910621643,,,2,21099
0.3646606504917145,,,2,21149
0.4393320083618164,,,2,21199
0.43981048464775085,,,2,21249
0.42259564995765686,,,2,21299
0.4220927953720093,,,2,21349
0.4223889112472534,,,2,21399
0.37738683819770813,,,2,21449
0.42956721782684326,,,2,21499
0.41016682982444763,,,2,21549
0.4136127829551697,,,2,21599
0.47398319840431213,,,2,21649
0.44368013739585876,,,2,21699
0.3982340395450592,,,2,21749
0.4183642566204071,,,2,21799
0.39351314306259155,,,2,21849
0.4050370752811432,,,2,21899
0.38835662603378296,,,2,21949
0.3891124427318573,,,2,21999
0.3456532061100006,,,2,22049
0.38074395060539246,,,2,22099
0.40368935465812683,,,2,22149
0.4260281026363373,,,2,22199
0.38844501972198486,,,2,22249
0.4006696343421936,,,2,22299
0.38196229934692383,,,2,22349
0.45867833495140076,,,2,22399
0.43241479992866516,,,2,22449
0.41444477438926697,,,2,22499
0.43262091279029846,,,2,22549
0.39875394105911255,,,2,22599
0.3894970118999481,,,2,22649
0.4321828782558441,,,2,22699
0.4213816225528717,,,2,22749
0.4056701362133026,,,2,22799
0.4293493628501892,,,2,22849
0.3842923045158386,,,2,22899
0.37355393171310425,,,2,22949
0.408816933631897,,,2,22999
0.37185147404670715,,,2,23049
0.3818924129009247,,,2,23099
0.39038965106010437,,,2,23149
0.4106724262237549,,,2,23199
0.36605387926101685,,,2,23249
0.3690645098686218,,,2,23299
0.3887658417224884,,,2,23349
0.42017367482185364,,,2,23399
0.3807651102542877,,,2,23449
0.393519788980484,,,2,23499
0.42475783824920654,,,2,23549
0.3996482193470001,,,2,23599
0.41407302021980286,,,2,23649
0.33290520310401917,,,2,23699
0.35531139373779297,,,2,23749
0.3910706341266632,,,2,23799
0.3392987847328186,,,2,23849
0.4045420289039612,,,2,23899
0.3622949719429016,,,2,23949
0.39598795771598816,,,2,23999
0.42684170603752136,,,2,24049
0.3576050400733948,,,2,24099
0.36937642097473145,,,2,24149
0.3618089556694031,,,2,24199
0.3764655590057373,,,2,24249
0.3583424985408783,,,2,24299
0.3617287576198578,,,2,24349
0.4080415368080139,,,2,24399
0.37364718317985535,,,2,24449
0.3622092604637146,,,2,24499
0.35656529664993286,,,2,24549
0.3335658609867096,,,2,24599
0.393852561712265,,,2,24649
0.3586426079273224,,,2,24699
0.3669704794883728,,,2,24749
0.4066375195980072,,,2,24799
0.38183045387268066,,,2,24849
0.3677227795124054,,,2,24899
0.40476885437965393,,,2,24949
0.38206154108047485,,,2,24999
0.3887891471385956,,,2,25049
0.3776792287826538,,,2,25099
0.375694215297699,,,2,25149
0.35830041766166687,,,2,25199
0.3792261779308319,,,2,25249
0.33627641201019287,,,2,25299
0.31787019968032837,,,2,25349
0.34049177169799805,,,2,25399
0.3917679488658905,,,2,25449
0.37298041582107544,,,2,25499
0.3635508418083191,,,2,25549
0.3352326452732086,,,2,25599
0.33008912205696106,,,2,25649
0.3509247601032257,,,2,25699
0.33466053009033203,,,2,25749
0.3295021057128906,,,2,25799
0.3278694450855255,,,2,25849
0.34542426466941833,,,2,25899
0.40441226959228516,,,2,25949
0.3216864764690399,,,2,25999
0.3887972831726074,,,2,26049
0.2899836003780365,,,2,26099
0.32648152112960815,,,2,26149
0.3791252672672272,,,2,26199
0.3223204016685486,,,2,26249
0.33877575397491455,,,2,26299
0.38890066742897034,,,2,26349
0.360465407371521,,,2,26399
0.3497024476528168,,,2,26449
0.30139535665512085,,,2,26499
0.3445144295692444,,,2,26549
0.354480117559433,,,2,26599
0.34877678751945496,,,2,26649
0.3374525308609009,,,2,26699
0.3592469096183777,,,2,26749
0.3644479811191559,,,2,26799
0.30364054441452026,,,2,26849
0.31347155570983887,,,2,26899
0.32752445340156555,,,2,26949
0.3341260552406311,,,2,26999
0.3370625078678131,,,2,27049
0.3039837181568146,,,2,27099
0.31402117013931274,,,2,27149
0.29467520117759705,,,2,27199
0.3426167070865631,,,2,27249
0.3256998658180237,,,2,27299
0.36166349053382874,,,2,27349
0.3614164888858795,,,2,27399
0.3401564359664917,,,2,27449
0.34484848380088806,,,2,27499
0.328703373670578,,,2,27549
,0.9033997058868408,0.2599146068096161,2,27596
0.3499484062194824,,,3,27599
0.31518682837486267,,,3,27649
0.3088998794555664,,,3,27699
0.32746049761772156,,,3,27749
0.3171623945236206,,,3,27799
0.33581283688545227,,,3,27849
0.33143213391304016,,,3,27899
0.29260188341140747,,,3,27949
0.3384077548980713,,,3,27999
0.3735540211200714,,,3,28049
0.3060583770275116,,,3,28099
0.3242018222808838,,,3,28149
0.3339931070804596,,,3,28199
0.3155248463153839,,,3,28249
0.33006805181503296,,,3,28299
0.35474056005477905,,,3,28349
0.3224523961544037,,,3,28399
0.33497175574302673,,,3,28449
0.3534086346626282,,,3,28499
0.2977142930030823,,,3,28549
0.3269791603088379,,,3,28599
0.324668288230896,,,3,28649
0.3593066930770874,,,3,28699
0.30417245626449585,,,3,28749
0.2954774498939514,,,3,28799
0.32583820819854736,,,3,28849
0.31765109300613403,,,3,28899
0.34914350509643555,,,3,28949
0.2964596152305603,,,3,28999
0.328542023897171,,,3,29049
0.34116095304489136,,,3,29099
0.33088523149490356,,,3,29149
0.2823570668697357,,,3,29199
0.33082616329193115,,,3,29249
0.2966688573360443,,,3,29299
0.29140621423721313,,,3,29349
0.29187846183776855,,,3,29399
0.3281231224536896,,,3,29449
0.29912084341049194,,,3,29499
0.3077404499053955,,,3,29549
0.2816378176212311,,,3,29599
0.30836156010627747,,,3,29649
0.2788156569004059,,,3,29699
0.3612968623638153,,,3,29749
0.32202768325805664,,,3,29799
0.29892218112945557,,,3,29849
0.3003779947757721,,,3,29899
0.3085152506828308,,,3,29949
0.37437349557876587,,,3,29999
0.2680472135543823,,,3,30049
0.28788021206855774,,,3,30099
0.3345738351345062,,,3,30149
0.3670461177825928,,,3,30199
0.32574379444122314,,,3,30249
0.32139208912849426,,,3,30299
0.275501549243927,,,3,30349
0.3321012854576111,,,3,30399
0.34642294049263,,,3,30449
0.358564168214798,,,3,30499
0.3055935800075531,,,3,30549
0.284147709608078,,,3,30599
0.3153055012226105,,,3,30649
0.27899056673049927,,,3,30699
0.33851316571235657,,,3,30749
0.30125701427459717,,,3,30799
0.2603145241737366,,,3,30849
0.3010796308517456,,,3,30899
0.2969607710838318,,,3,30949
0.32357123494148254,,,3,30999
0.2962118089199066,,,3,31049
0.3268323242664337,,,3,31099
0.2977331578731537,,,3,31149
0.32480141520500183,,,3,31199
0.3444518446922302,,,3,31249
0.35563382506370544,,,3,31299
0.2546312212944031,,,3,31349
0.266462504863739,,,3,31399
0.3603389859199524,,,3,31449
0.25616520643234253,,,3,31499
0.2881565988063812,,,3,31549
0.28176313638687134,,,3,31599
0.2987492084503174,,,3,31649
0.26882684230804443,,,3,31699
0.31809478998184204,,,3,31749
0.28791484236717224,,,3,31799
0.281438410282135,,,3,31849
0.28919073939323425,,,3,31899
0.3051196336746216,,,3,31949
0.27369940280914307,,,3,31999
0.3033020496368408,,,3,32049
0.2814449071884155,,,3,32099
0.2719314694404602,,,3,32149
0.29325252771377563,,,3,32199
0.2801399827003479,,,3,32249
0.3255877196788788,,,3,32299
0.27472424507141113,,,3,32349
0.2845434248447418,,,3,32399
0.28618258237838745,,,3,32449
0.2962641417980194,,,3,32499
0.3299664258956909,,,3,32549
0.3124164044857025,,,3,32599
0.28166624903678894,,,3,32649
0.2763998210430145,,,3,32699
0.28902584314346313,,,3,32749
0.3104117214679718,,,3,32799
0.2888104319572449,,,3,32849
0.2661362290382385,,,3,32899
0.2887120544910431,,,3,32949
0.2737298607826233,,,3,32999
0.2875247597694397,,,3,33049
0.2799086272716522,,,3,33099
0.31461066007614136,,,3,33149
0.2779102623462677,,,3,33199
0.23810355365276337,,,3,33249
0.311040461063385,,,3,33299
0.28752726316452026,,,3,33349
0.26491737365722656,,,3,33399
0.3294467628002167,,,3,33449
0.30674660205841064,,,3,33499
0.3318637013435364,,,3,33549
0.3090210258960724,,,3,33599
0.2450827956199646,,,3,33649
0.28934845328330994,,,3,33699
0.353969931602478,,,3,33749
0.2826058864593506,,,3,33799
0.24310214817523956,,,3,33849
0.2815156877040863,,,3,33899
0.34545451402664185,,,3,33949
0.31656381487846375,,,3,33999
0.2729058265686035,,,3,34049
0.25944948196411133,,,3,34099
0.28751686215400696,,,3,34149
0.2396729737520218,,,3,34199
0.27702003717422485,,,3,34249
0.2615440785884857,,,3,34299
0.27285531163215637,,,3,34349
0.300915390253067,,,3,34399
0.3198215663433075,,,3,34449
0.24976162612438202,,,3,34499
0.2658780515193939,,,3,34549
0.26962998509407043,,,3,34599
0.25193506479263306,,,3,34649
0.28325363993644714,,,3,34699
0.29830989241600037,,,3,34749
0.25454869866371155,,,3,34799
0.26904305815696716,,,3,34849
0.2625921070575714,,,3,34899
0.2957931160926819,,,3,34949
0.2589145600795746,,,3,34999
0.3008677065372467,,,3,35049
0.23765403032302856,,,3,35099
0.29536202549934387,,,3,35149
0.2944876551628113,,,3,35199
0.28727006912231445,,,3,35249
0.2738575041294098,,,3,35299
0.32010719180107117,,,3,35349
0.2705535590648651,,,3,35399
0.2645920217037201,,,3,35449
0.27279072999954224,,,3,35499
0.28617510199546814,,,3,35549
0.31990161538124084,,,3,35599
0.2712514400482178,,,3,35649
0.3079012334346771,,,3,35699
0.2967566251754761,,,3,35749
0.2972930669784546,,,3,35799
0.287900447845459,,,3,35849
0.3209730386734009,,,3,35899
0.28652405738830566,,,3,35949
0.2373763620853424,,,3,35999
0.3053569793701172,,,3,36049
0.2920066714286804,,,3,36099
0.311541885137558,,,3,36149
0.2356589138507843,,,3,36199
0.22495737671852112,,,3,36249
0.23207131028175354,,,3,36299
0.29908227920532227,,,3,36349
0.27120915055274963,,,3,36399
0.26792436838150024,,,3,36449
0.2532995045185089,,,3,36499
0.30659693479537964,,,3,36549
0.2837305963039398,,,3,36599
0.28398674726486206,,,3,36649
0.24369026720523834,,,3,36699
0.25206702947616577,,,3,36749
,0.9252639412879944,0.2031371295452118,3,36795
0.28689366579055786,,,4,36799
0.23601773381233215,,,4,36849
0.26022714376449585,,,4,36899
0.2323419451713562,,,4,36949
0.274728387594223,,,4,36999
0.2765343487262726,,,4,37049
0.21939195692539215,,,4,37099
0.28088444471359253,,,4,37149
0.2510783076286316,,,4,37199
0.24052366614341736,,,4,37249
0.289265513420105,,,4,37299
0.25804439187049866,,,4,37349
0.2451888918876648,,,4,37399
0.26449063420295715,,,4,37449
0.24485090374946594,,,4,37499
0.28261861205101013,,,4,37549
0.23383383452892303,,,4,37599
0.28680485486984253,,,4,37649
0.2537248730659485,,,4,37699
0.2451787143945694,,,4,37749
0.25283336639404297,,,4,37799
0.25068947672843933,,,4,37849
0.2702248990535736,,,4,37899
0.24579527974128723,,,4,37949
0.24060536921024323,,,4,37999
0.25156959891319275,,,4,38049
0.23600172996520996,,,4,38099
0.23999670147895813,,,4,38149
0.24175356328487396,,,4,38199
0.2669142484664917,,,4,38249
0.249020516872406,,,4,38299
0.2583116888999939,,,4,38349
0.270516961812973,,,4,38399
0.25816088914871216,,,4,38449
0.27227798104286194,,,4,38499
0.28006163239479065,,,4,38549
0.280527263879776,,,4,38599
0.2646876275539398,,,4,38649
0.25282055139541626,,,4,38699
0.26516199111938477,,,4,38749
0.2545158565044403,,,4,38799
0.28630489110946655,,,4,38849
0.2806362211704254,,,4,38899
0.2462836503982544,,,4,38949
0.2318495512008667,,,4,38999
0.28363117575645447,,,4,39049
0.27845215797424316,,,4,39099
0.2749043405056,,,4,39149
0.23741184175014496,,,4,39199
0.2700763940811157,,,4,39249
0.2758956551551819,,,4,39299
0.21637211740016937,,,4,39349
0.23381754755973816,,,4,39399
0.24428877234458923,,,4,39449
0.2942725121974945,,,4,39499
0.20544494688510895,,,4,39549
0.2547500729560852,,,4,39599
0.21278148889541626,,,4,39649
0.27294182777404785,,,4,39699
0.25521039962768555,,,4,39749
0.2917688190937042,,,4,39799
0.23717767000198364,,,4,39849
0.2754167914390564,,,4,39899
0.2575743794441223,,,4,39949
0.25503847002983093,,,4,39999
0.239141583442688,,,4,40049
0.28837642073631287,,,4,40099
0.21828114986419678,,,4,40149
0.2494322955608368,,,4,40199
0.23763000965118408,,,4,40249
0.2407710999250412,,,4,40299
0.23016241192817688,,,4,40349
0.24160733819007874,,,4,40399
0.2534933388233185,,,4,40449
0.22703269124031067,,,4,40499
0.24992936849594116,,,4,40549
0.27042195200920105,,,4,40599
0.25917285680770874,,,4,40649
0.2650873064994812,,,4,40699
0.24693810939788818,,,4,40749
0.22177796065807343,,,4,40799
0.28951409459114075,,,4,40849
0.25062888860702515,,,4,40899
0.25027579069137573,,,4,40949
0.28381580114364624,,,4,40999
0.25029897689819336,,,4,41049
0.24570931494235992,,,4,41099
0.26282748579978943,,,4,41149
0.249522402882576,,,4,41199
0.24172304570674896,,,4,41249
0.25676673650741577,,,4,41299
0.2257763296365738,,,4,41349
0.2907795310020447,,,4,41399
0.2681506872177124,,,4,41449
0.25374865531921387,,,4,41499
0.26465994119644165,,,4,41549
0.2748579978942871,,,4,41599
0.23771166801452637,,,4,41649
0.2454976737499237,,,4,41699
0.24269455671310425,,,4,41749
0.2187568098306656,,,4,41799
0.25206777453422546,,,4,41849
0.22148621082305908,,,4,41899
0.21259981393814087,,,4,41949
0.2631599009037018,,,4,41999
0.22351428866386414,,,4,42049
0.2462598979473114,,,4,42099
0.2051716446876526,,,4,42149
0.2626451849937439,,,4,42199
0.2755250334739685,,,4,42249
0.2540958821773529,,,4,42299
0.27608349919319153,,,4,42349
0.21711979806423187,,,4,42399
0.21813450753688812,,,4,42449
0.22119496762752533,,,4,42499
0.23167525231838226,,,4,42549
0.21683421730995178,,,4,42599
0.252297580242157,,,4,42649
0.2492087334394455,,,4,42699
0.22567693889141083,,,4,42749
0.22387480735778809,,,4,42799
0.2533661127090454,,,4,42849
0.2771950960159302,,,4,42899
0.2523893415927887,,,4,42949
0.23594389855861664,,,4,42999
0.24387045204639435,,,4,43049
0.2433130294084549,,,4,43099
0.2613125145435333,,,4,43149
0.26779186725616455,,,4,43199
0.2575479745864868,,,4,43249
0.2140803337097168,,,4,43299
0.24899588525295258,,,4,43349
0.241649329662323,,,4,43399
0.2208966314792633,,,4,43449
0.253307044506073,,,4,43499
0.23664657771587372,,,4,43549
0.2578794062137604,,,4,43599
0.2244577407836914,,,4,43649
0.23819617927074432,,,4,43699
0.25994494557380676,,,4,43749
0.23690935969352722,,,4,43799
0.2612636089324951,,,4,43849
0.2103164941072464,,,4,43899
0.2546435296535492,,,4,43949
0.22809728980064392,,,4,43999
0.22749437391757965,,,4,44049
0.21936313807964325,,,4,44099
0.22656218707561493,,,4,44149
0.2674567401409149,,,4,44199
0.2371315211057663,,,4,44249
0.22542937099933624,,,4,44299
0.2112450897693634,,,4,44349
0.22874753177165985,,,4,44399
0.21273086965084076,,,4,44449
0.24470263719558716,,,4,44499
0.2677968740463257,,,4,44549
0.2615082561969757,,,4,44599
0.227106511592865,,,4,44649
0.19214092195034027,,,4,44699
0.2174588441848755,,,4,44749
0.23065629601478577,,,4,44799
0.2175002545118332,,,4,44849
0.20060841739177704,,,4,44899
0.27024000883102417,,,4,44949
0.22172801196575165,,,4,44999
0.22393041849136353,,,4,45049
0.24551594257354736,,,4,45099
0.21939919888973236,,,4,45149
0.26456695795059204,,,4,45199
0.2596858739852905,,,4,45249
0.2545199394226074,,,4,45299
0.1880687028169632,,,4,45349
0.22037529945373535,,,4,45399
0.26471787691116333,,,4,45449
0.24803832173347473,,,4,45499
0.21357233822345734,,,4,45549
0.2564335763454437,,,4,45599
0.2480160892009735,,,4,45649
0.22430077195167542,,,4,45699
0.1932603269815445,,,4,45749
0.19917885959148407,,,4,45799
0.2406238615512848,,,4,45849
0.2455543428659439,,,4,45899
0.19664721190929413,,,4,45949
,0.9382433295249939,0.1681913286447525,4,45994
0.21219126880168915,,,5,45999
0.2347676008939743,,,5,46049
0.21807584166526794,,,5,46099
0.22168704867362976,,,5,46149
0.23433144390583038,,,5,46199
0.24394747614860535,,,5,46249
0.2545091211795807,,,5,46299
0.24645577371120453,,,5,46349
0.23882058262825012,,,5,46399
0.21735234558582306,,,5,46449
0.1911207139492035,,,5,46499
0.21977028250694275,,,5,46549
0.21709749102592468,,,5,46599
0.21281170845031738,,,5,46649
0.24406950175762177,,,5,46699
0.20857807993888855,,,5,46749
0.1993410289287567,,,5,46799
0.2329448163509369,,,5,46849
0.23874014616012573,,,5,46899
0.23267754912376404,,,5,46949
0.20937390625476837,,,5,46999
0.22412711381912231,,,5,47049
0.19705483317375183,,,5,47099
0.2249085009098053,,,5,47149
0.2063530832529068,,,5,47199
0.2439391314983368,,,5,47249
0.24278263747692108,,,5,47299
0.197214737534523,,,5,47349
0.22204376757144928,,,5,47399
0.2280549257993698,,,5,47449
0.2182428538799286,,,5,47499
0.21579965949058533,,,5,47549
0.27166548371315,,,5,47599
0.2505243122577667,,,5,47649
0.2072267383337021,,,5,47699
0.25894299149513245,,,5,47749
0.20509947836399078,,,5,47799
0.2237764298915863,,,5,47849
0.23133400082588196,,,5,47899
0.22668594121932983,,,5,47949
0.22229771316051483,,,5,47999
0.20664039254188538,,,5,48049
0.24661201238632202,,,5,48099
0.1921977549791336,,,5,48149
0.24522283673286438,,,5,48199
0.24865151941776276,,,5,48249
0.2039494514465332,,,5,48299
0.21552886068820953,,,5,48349
0.22863517701625824,,,5,48399
0.22967290878295898,,,5,48449
0.23800556361675262,,,5,48499
0.19375747442245483,,,5,48549
0.2272469401359558,,,5,48599
0.2636584937572479,,,5,48649
0.22007150948047638,,,5,48699
0.23444615304470062,,,5,48749
0.2025749534368515,,,5,48799
0.24271248281002045,,,5,48849
0.22053200006484985,,,5,48899
0.214008629322052,,,5,48949
0.22227388620376587,,,5,48999
0.24673916399478912,,,5,49049
0.232142835855484,,,5,49099
0.24522386491298676,,,5,49149
0.22438868880271912,,,5,49199
0.20534992218017578,,,5,49249
0.16564226150512695,,,5,49299
0.21131250262260437,,,5,49349
0.20276758074760437,,,5,49399
0.23620375990867615,,,5,49449
0.2573462426662445,,,5,49499
0.24372950196266174,,,5,49549
0.21795019507408142,,,5,49599
0.20067013800144196,,,5,49649
0.21847517788410187,,,5,49699
0.24753694236278534,,,5,49749
0.20901396870613098,,,5,49799
0.20127028226852417,,,5,49849
0.2327154129743576,,,5,49899
0.23543725907802582,,,5,49949
0.209337517619133,,,5,49999
0.22135932743549347,,,5,50049
0.22172407805919647,,,5,50099
0.20546066761016846,,,5,50149
0.230997696518898,,,5,50199
0.22000573575496674,,,5,50249
0.2108689695596695,,,5,50299
0.2026301473379135,,,5,50349
0.20496401190757751,,,5,50399
0.22296497225761414,,,5,50449
0.23789817094802856,,,5,50499
0.23369081318378448,,,5,50549
0.2342199981212616,,,5,50599
0.20245446264743805,,,5,50649
0.25994575023651123,,,5,50699
0.221456378698349,,,5,50749
0.23133425414562225,,,5,50799
0.18623757362365723,,,5,50849
0.22533540427684784,,,5,50899
0.1887691766023636,,,5,50949
0.23212651908397675,,,5,50999
0.18167372047901154,,,5,51049
0.21757714450359344,,,5,51099
0.20602187514305115,,,5,51149
0.2007463276386261,,,5,51199
0.20782271027565002,,,5,51249
0.1966608613729477,,,5,51299
0.20604850351810455,,,5,51349
0.2548559010028839,,,5,51399
0.22713948786258698,,,5,51449
0.20891080796718597,,,5,51499
0.2161450833082199,,,5,51549
0.23032407462596893,,,5,51599
0.19664247334003448,,,5,51649
0.2041190266609192,,,5,51699
0.16658943891525269,,,5,51749
0.21374210715293884,,,5,51799
0.21362042427062988,,,5,51849
0.17211751639842987,,,5,51899
0.19946210086345673,,,5,51949
0.2196609377861023,,,5,51999
0.22330497205257416,,,5,52049
0.23230643570423126,,,5,52099
0.20215676724910736,,,5,52149
0.21676769852638245,,,5,52199
0.23879313468933105,,,5,52249
0.20902402698993683,,,5,52299
0.23174205422401428,,,5,52349
0.19404372572898865,,,5,52399
0.1995341181755066,,,5,52449
0.1774606853723526,,,5,52499
0.23652876913547516,,,5,52549
0.230671688914299,,,5,52599
0.21650946140289307,,,5,52649
0.2278100997209549,,,5,52699
0.22675125300884247,,,5,52749
0.2132011502981186,,,5,52799
0.22723382711410522,,,5,52849
0.21897001564502716,,,5,52899
0.21997393667697906,,,5,52949
0.24143654108047485,,,5,52999
0.2557952105998993,,,5,53049
0.2352999448776245,,,5,53099
0.22678832709789276,,,5,53149
0.19170378148555756,,,5,53199
0.20146171748638153,,,5,53249
0.17965692281723022,,,5,53299
0.18110254406929016,,,5,53349
0.21771454811096191,,,5,53399
0.245573952794075,,,5,53449
0.21201840043067932,,,5,53499
0.2302255481481552,,,5,53549
0.25397977232933044,,,5,53599
0.2224442958831787,,,5,53649
0.23338907957077026,,,5,53699
0.22453460097312927,,,5,53749
0.2307078093290329,,,5,53799
0.17860183119773865,,,5,53849
0.22382837533950806,,,5,53899
0.20599932968616486,,,5,53949
0.2837935984134674,,,5,53999
0.17991375923156738,,,5,54049
0.19154618680477142,,,5,54099
0.2150551974773407,,,5,54149
0.2376970648765564,,,5,54199
0.17979474365711212,,,5,54249
0.19366240501403809,,,5,54299
0.2006557732820511,,,5,54349
0.26309850811958313,,,5,54399
0.19837896525859833,,,5,54449
0.20992732048034668,,,5,54499
0.2260553240776062,,,5,54549
0.19333644211292267,,,5,54599
0.20286603271961212,,,5,54649
0.2053602933883667,,,5,54699
0.20550458133220673,,,5,54749
0.24237488210201263,,,5,54799
0.19012725353240967,,,5,54849
0.20701582729816437,,,5,54899
0.21429766714572906,,,5,54949
0.19896049797534943,,,5,54999
0.19527320563793182,,,5,55049
0.18968312442302704,,,5,55099
0.20233987271785736,,,5,55149
,0.9465039372444153,0.14752236008644104,5,55193
0.20170356333255768,,,6,55199
0.21237297356128693,,,6,55249
0.1731763780117035,,,6,55299
0.22582513093948364,,,6,55349
0.20563212037086487,,,6,55399
0.20223258435726166,,,6,55449
0.15903855860233307,,,6,55499
0.21797792613506317,,,6,55549
0.21395346522331238,,,6,55599
0.2025202065706253,,,6,55649
0.19480867683887482,,,6,55699
0.1910669207572937,,,6,55749
0.22204767167568207,,,6,55799
0.1896301656961441,,,6,55849
0.22270041704177856,,,6,55899
0.1867278814315796,,,6,55949
0.19750918447971344,,,6,55999
0.2164890617132187,,,6,56049
0.185613214969635,,,6,56099
0.25889188051223755,,,6,56149
0.2055688202381134,,,6,56199
0.2047935128211975,,,6,56249
0.21132630109786987,,,6,56299
0.19182123243808746,,,6,56349
0.17255693674087524,,,6,56399
0.18692415952682495,,,6,56449
0.1637817621231079,,,6,56499
0.2127874493598938,,,6,56549
0.1872219294309616,,,6,56599
0.2567434310913086,,,6,56649
0.20158064365386963,,,6,56699
0.22306674718856812,,,6,56749
0.2255183607339859,,,6,56799
0.21383467316627502,,,6,56849
0.21356181800365448,,,6,56899
0.18555878102779388,,,6,56949
0.20655064284801483,,,6,56999
0.20762968063354492,,,6,57049
0.2041858434677124,,,6,57099
0.20358429849147797,,,6,57149
0.17163024842739105,,,6,57199
0.19196352362632751,,,6,57249
0.16651956737041473,,,6,57299
0.17528758943080902,,,6,57349
0.22705501317977905,,,6,57399
0.20755770802497864,,,6,57449
0.20017482340335846,,,6,57499
0.20626896619796753,,,6,57549
0.20576870441436768,,,6,57599
0.22066240012645721,,,6,57649
0.20387022197246552,,,6,57699
0.15991522371768951,,,6,57749
0.17221572995185852,,,6,57799
0.21739822626113892,,,6,57849
0.1530950665473938,,,6,57899
0.19395416975021362,,,6,57949
0.1978616565465927,,,6,57999
0.19024743139743805,,,6,58049
0.1845797747373581,,,6,58099
0.17487551271915436,,,6,58149
0.18749545514583588,,,6,58199
0.18269704282283783,,,6,58249
0.2123209536075592,,,6,58299
0.19508104026317596,,,6,58349
0.2061534821987152,,,6,58399
0.1784103810787201,,,6,58449
0.17018486559391022,,,6,58499
0.19813676178455353,,,6,58549
0.22701269388198853,,,6,58599
0.2071131318807602,,,6,58649
0.22453978657722473,,,6,58699
0.178781658411026,,,6,58749
0.20365311205387115,,,6,58799
0.24757617712020874,,,6,58849
0.190659761428833,,,6,58899
0.19628751277923584,,,6,58949
0.218953475356102,,,6,58999
0.2057211995124817,,,6,59049
0.18052516877651215,,,6,59099
0.2196349799633026,,,6,59149
0.23252904415130615,,,6,59199
0.2521424889564514,,,6,59249
0.20466910302639008,,,6,59299
0.19850122928619385,,,6,59349
0.20845964550971985,,,6,59399
0.20038819313049316,,,6,59449
0.18929843604564667,,,6,59499
0.20485420525074005,,,6,59549
0.17344139516353607,,,6,59599
0.20315617322921753,,,6,59649
0.19420170783996582,,,6,59699
0.1978798806667328,,,6,59749
0.1763559877872467,,,6,59799
0.2056960165500641,,,6,59849
0.18457306921482086,,,6,59899
0.1612074226140976,,,6,59949
0.16665658354759216,,,6,59999
0.1784956306219101,,,6,60049
0.1831975281238556,,,6,60099
0.19373780488967896,,,6,60149
0.22828109562397003,,,6,60199
0.18508386611938477,,,6,60249
0.16997236013412476,,,6,60299
0.209673210978508,,,6,60349
0.18177078664302826,,,6,60399
0.19013363122940063,,,6,60449
0.2176230251789093,,,6,60499
0.18592117726802826,,,6,60549
0.193632110953331,,,6,60599
0.19303782284259796,,,6,60649
0.26075074076652527,,,6,60699
0.18633687496185303,,,6,60749
0.20061589777469635,,,6,60799
0.20523235201835632,,,6,60849
0.2368655800819397,,,6,60899
0.18615129590034485,,,6,60949
0.1734791398048401,,,6,60999
0.16847985982894897,,,6,61049
0.19067472219467163,,,6,61099
0.17481544613838196,,,6,61149
0.15752160549163818,,,6,61199
0.1880589872598648,,,6,61249
0.14984846115112305,,,6,61299
0.2149811089038849,,,6,61349
0.17944857478141785,,,6,61399
0.210677832365036,,,6,61449
0.1616770625114441,,,6,61499
0.18068864941596985,,,6,61549
0.20127099752426147,,,6,61599
0.18769727647304535,,,6,61649
0.18609274923801422,,,6,61699
0.2024998962879181,,,6,61749
0.1759670525789261,,,6,61799
0.17492195963859558,,,6,61849
0.19321434199810028,,,6,61899
0.19434089958667755,,,6,61949
0.14769472181797028,,,6,61999
0.19479702413082123,,,6,62049
0.15586227178573608,,,6,62099
0.2057463377714157,,,6,62149
0.1650591790676117,,,6,62199
0.17382898926734924,,,6,62249
0.19422216713428497,,,6,62299
0.16370686888694763,,,6,62349
0.19255489110946655,,,6,62399
0.16915908455848694,,,6,62449
0.15106429159641266,,,6,62499
0.1776738464832306,,,6,62549
0.2131955921649933,,,6,62599
0.18010345101356506,,,6,62649
0.19034810364246368,,,6,62699
0.17929714918136597,,,6,62749
0.193222776055336,,,6,62799
0.20377492904663086,,,6,62849
0.1772410124540329,,,6,62899
0.2064024955034256,,,6,62949
0.22846655547618866,,,6,62999
0.19309811294078827,,,6,63049
0.20674875378608704,,,6,63099
0.22651255130767822,,,6,63149
0.17073453962802887,,,6,63199
0.19413794577121735,,,6,63249
0.17513076961040497,,,6,63299
0.20440168678760529,,,6,63349
0.19565419852733612,,,6,63399
0.19816188514232635,,,6,63449
0.17423558235168457,,,6,63499
0.17289161682128906,,,6,63549
0.1651315540075302,,,6,63599
0.20445547997951508,,,6,63649
0.1948079615831375,,,6,63699
0.2002248615026474,,,6,63749
0.19389361143112183,,,6,63799
0.1759544461965561,,,6,63849
0.2187192589044571,,,6,63899
0.17806482315063477,,,6,63949
0.20252491533756256,,,6,63999
0.19185741245746613,,,6,64049
0.17897120118141174,,,6,64099
0.18331125378608704,,,6,64149
0.16426362097263336,,,6,64199
0.18232932686805725,,,6,64249
0.21980880200862885,,,6,64299
0.16154545545578003,,,6,64349
,0.9517112374305725,0.13313597440719604,6,64392
0.20190437138080597,,,7,64399
0.21673420071601868,,,7,64449
0.18857531249523163,,,7,64499
0.22714680433273315,,,7,64549
0.20871110260486603,,,7,64599
0.22672401368618011,,,7,64649
0.18116027116775513,,,7,64699
0.17058545351028442,,,7,64749
0.19437146186828613,,,7,64799
0.19804812967777252,,,7,64849
0.16700910031795502,,,7,64899
0.17592135071754456,,,7,64949
0.19000831246376038,,,7,64999
0.17860181629657745,,,7,65049
0.20448380708694458,,,7,65099
0.16398122906684875,,,7,65149
0.20685310661792755,,,7,65199
0.1777748018503189,,,7,65249
0.171561598777771,,,7,65299
0.17816589772701263,,,7,65349
0.19872835278511047,,,7,65399
0.18005497753620148,,,7,65449
0.19294098019599915,,,7,65499
0.20905625820159912,,,7,65549
0.18921242654323578,,,7,65599
0.2149960994720459,,,7,65649
0.23246489465236664,,,7,65699
0.15964356064796448,,,7,65749
0.20552225410938263,,,7,65799
0.19758526980876923,,,7,65849
0.17547309398651123,,,7,65899
0.1657940000295639,,,7,65949
0.18327754735946655,,,7,65999
0.19433283805847168,,,7,66049
0.18775808811187744,,,7,66099
0.21634189784526825,,,7,66149
0.20864561200141907,,,7,66199
0.20306870341300964,,,7,66249
0.16943681240081787,,,7,66299
0.17708636820316315,,,7,66349
0.1992368996143341,,,7,66399
0.16662448644638062,,,7,66449
0.18962900340557098,,,7,66499
0.15519855916500092,,,7,66549
0.1822640746831894,,,7,66599
0.1556527018547058,,,7,66649
0.15188439190387726,,,7,66699
0.20094968378543854,,,7,66749
0.16821300983428955,,,7,66799
0.15970729291439056,,,7,66849
0.14272496104240417,,,7,66899
0.22518514096736908,,,7,66949
0.1882578432559967,,,7,66999
0.1990007609128952,,,7,67049
0.1998944878578186,,,7,67099
0.18790806829929352,,,7,67149
0.1685561090707779,,,7,67199
0.1856127828359604,,,7,67249
0.2147139459848404,,,7,67299
0.20843450725078583,,,7,67349
0.1608009934425354,,,7,67399
0.16765236854553223,,,7,67449
0.13517089188098907,,,7,67499
0.17820608615875244,,,7,67549
0.1441780924797058,,,7,67599
0.20475569367408752,,,7,67649
0.17173682153224945,,,7,67699
0.18674953281879425,,,7,67749
0.18947219848632812,,,7,67799
0.20559844374656677,,,7,67849
0.18015079200267792,,,7,67899
0.1776430308818817,,,7,67949
0.16088224947452545,,,7,67999
0.15752804279327393,,,7,68049
0.1951075792312622,,,7,68099
0.1846015304327011,,,7,68149
0.232866108417511,,,7,68199
0.15237560868263245,,,7,68249
0.18707481026649475,,,7,68299
0.2183084636926651,,,7,68349
0.18823276460170746,,,7,68399
0.2150476723909378,,,7,68449
0.18568816781044006,,,7,68499
0.19263961911201477,,,7,68549
0.19854094088077545,,,7,68599
0.16803166270256042,,,7,68649
0.19190622866153717,,,7,68699
0.1610165536403656,,,7,68749
0.16200798749923706,,,7,68799
0.14624954760074615,,,7,68849
0.1575743854045868,,,7,68899
0.19540295004844666,,,7,68949
0.1839054524898529,,,7,68999
0.19204382598400116,,,7,69049
0.16855093836784363,,,7,69099
0.2093370407819748,,,7,69149
0.21233472228050232,,,7,69199
0.1558552086353302,,,7,69249
0.19503362476825714,,,7,69299
0.1669428050518036,,,7,69349
0.15847742557525635,,,7,69399
0.18340887129306793,,,7,69449
0.16269108653068542,,,7,69499
0.17022055387496948,,,7,69549
0.17558923363685608,,,7,69599
0.17246432602405548,,,7,69649
0.1752541959285736,,,7,69699
0.2005492001771927,,,7,69749
0.18635158240795135,,,7,69799
0.22324739396572113,,,7,69849
0.1749953180551529,,,7,69899
0.21628564596176147,,,7,69949
0.13735398650169373,,,7,69999
0.1482006162405014,,,7,70049
0.1581243872642517,,,7,70099
0.1816759556531906,,,7,70149
0.15091612935066223,,,7,70199
0.17781466245651245,,,7,70249
0.13870397210121155,,,7,70299
0.17206765711307526,,,7,70349
0.15363655984401703,,,7,70399
0.18082371354103088,,,7,70449
0.18459147214889526,,,7,70499
0.1968078464269638,,,7,70549
0.15427550673484802,,,7,70599
0.1501578837633133,,,7,70649
0.18566855788230896,,,7,70699
0.1652686446905136,,,7,70749
0.16085833311080933,,,7,70799
0.1731090396642685,,,7,70849
0.16749267280101776,,,7,70899
0.15881548821926117,,,7,70949
0.15634356439113617,,,7,70999
0.19920961558818817,,,7,71049
0.17050178349018097,,,7,71099
0.14301617443561554,,,7,71149
0.16545861959457397,,,7,71199
0.1674565225839615,,,7,71249
0.17355649173259735,,,7,71299
0.18152225017547607,,,7,71349
0.13632258772850037,,,7,71399
0.15796174108982086,,,7,71449
0.1953531950712204,,,7,71499
0.17698918282985687,,,7,71549
0.15167592465877533,,,7,71599
0.21829012036323547,,,7,71649
0.16165372729301453,,,7,71699
0.20054630935192108,,,7,71749
0.1880372315645218,,,7,71799
0.15661367774009705,,,7,71849
0.16653479635715485,,,7,71899
0.16677077114582062,,,7,71949
0.15098007023334503,,,7,71999
0.17335498332977295,,,7,72049
0.19746369123458862,,,7,72099
0.15212395787239075,,,7,72149
0.16308319568634033,,,7,72199
0.1744297295808792,,,7,72249
0.1423044353723526,,,7,72299
0.1675502061843872,,,7,72349
0.15923796594142914,,,7,72399
0.1762370765209198,,,7,72449
0.1812000721693039,,,7,72499
0.16106563806533813,,,7,72549
0.17285381257534027,,,7,72599
0.1352480798959732,,,7,72649
0.18540744483470917,,,7,72699
0.1648891419172287,,,7,72749
0.15114010870456696,,,7,72799
0.16254565119743347,,,7,72849
0.1654735952615738,,,7,72899
0.17892633378505707,,,7,72949
0.15247173607349396,,,7,72999
0.1630469113588333,,,7,73049
0.18549147248268127,,,7,73099
0.14415127038955688,,,7,73149
0.1836496889591217,,,7,73199
0.2078375369310379,,,7,73249
0.15475913882255554,,,7,73299
0.15178686380386353,,,7,73349
0.20333290100097656,,,7,73399
0.15292248129844666,,,7,73449
0.17527395486831665,,,7,73499
0.16763560473918915,,,7,73549
,0.9573376774787903,0.11818763613700867,7,73591
0.17614078521728516,,,8,73599
0.16332560777664185,,,8,73649
0.21451696753501892,,,8,73699
0.16547958552837372,,,8,73749
0.17761768400669098,,,8,73799
0.19332237541675568,,,8,73849
0.18159915506839752,,,8,73899
0.1830250471830368,,,8,73949
0.19263505935668945,,,8,73999
0.17802193760871887,,,8,74049
0.16705234348773956,,,8,74099
0.14497482776641846,,,8,74149
0.18245775997638702,,,8,74199
0.16475637257099152,,,8,74249
0.1437537670135498,,,8,74299
0.1778646558523178,,,8,74349
0.15605714917182922,,,8,74399
0.14762380719184875,,,8,74449
0.19254285097122192,,,8,74499
0.19940809905529022,,,8,74549
0.14886228740215302,,,8,74599
0.1386566311120987,,,8,74649
0.14376787841320038,,,8,74699
0.1673690229654312,,,8,74749
0.17009371519088745,,,8,74799
0.1949140578508377,,,8,74849
0.1796567738056183,,,8,74899
0.17157337069511414,,,8,74949
0.13407570123672485,,,8,74999
0.17703506350517273,,,8,75049
0.19307105243206024,,,8,75099
0.15413790941238403,,,8,75149
0.19254255294799805,,,8,75199
0.20032180845737457,,,8,75249
0.20020020008087158,,,8,75299
0.16611741483211517,,,8,75349
0.12958574295043945,,,8,75399
0.1841798722743988,,,8,75449
0.15255168080329895,,,8,75499
0.1693221479654312,,,8,75549
0.13573993742465973,,,8,75599
0.17464996874332428,,,8,75649
0.1688150018453598,,,8,75699
0.16652895510196686,,,8,75749
0.18646088242530823,,,8,75799
0.16198700666427612,,,8,75849
0.1692824363708496,,,8,75899
0.1692737489938736,,,8,75949
0.18103395402431488,,,8,75999
0.1350528448820114,,,8,76049
0.15967214107513428,,,8,76099
0.15771840512752533,,,8,76149
0.12551851570606232,,,8,76199
0.18711437284946442,,,8,76249
0.17999066412448883,,,8,76299
0.18656577169895172,,,8,76349
0.1738653928041458,,,8,76399
0.15091045200824738,,,8,76449
0.14964677393436432,,,8,76499
0.15114553272724152,,,8,76549
0.1887725293636322,,,8,76599
0.192998006939888,,,8,76649
0.15923063457012177,,,8,76699
0.1853935569524765,,,8,76749
0.14972849190235138,,,8,76799
0.15537536144256592,,,8,76849
0.13469429314136505,,,8,76899
0.15381665527820587,,,8,76949
0.162656769156456,,,8,76999
0.16387897729873657,,,8,77049
0.18869908154010773,,,8,77099
0.16044269502162933,,,8,77149
0.1381615251302719,,,8,77199
0.15481360256671906,,,8,77249
0.1545718014240265,,,8,77299
0.15230338275432587,,,8,77349
0.2127939760684967,,,8,77399
0.14732089638710022,,,8,77449
0.16512955725193024,,,8,77499
0.15556536614894867,,,8,77549
0.15339776873588562,,,8,77599
0.14006638526916504,,,8,77649
0.1733561009168625,,,8,77699
0.1743912398815155,,,8,77749
0.146734818816185,,,8,77799
0.18330597877502441,,,8,77849
0.14427347481250763,,,8,77899
0.17223705351352692,,,8,77949
0.17141833901405334,,,8,77999
0.17923490703105927,,,8,78049
0.15993595123291016,,,8,78099
0.1549474596977234,,,8,78149
0.1882035732269287,,,8,78199
0.12399370968341827,,,8,78249
0.16542647778987885,,,8,78299
0.18484653532505035,,,8,78349
0.16284413635730743,,,8,78399
0.1501382440328598,,,8,78449
0.1452503651380539,,,8,78499
0.15911346673965454,,,8,78549
0.1472652703523636,,,8,78599
0.16208544373512268,,,8,78649
0.1703789383172989,,,8,78699
0.13715161383152008,,,8,78749
0.1404067724943161,,,8,78799
0.17031696438789368,,,8,78849
0.17555320262908936,,,8,78899
0.13685227930545807,,,8,78949
0.1380094736814499,,,8,78999
0.1435217708349228,,,8,79049
0.1631796509027481,,,8,79099
0.15250085294246674,,,8,79149
0.17309047281742096,,,8,79199
0.16124439239501953,,,8,79249
0.1361691653728485,,,8,79299
0.14595778286457062,,,8,79349
0.1381826251745224,,,8,79399
0.17270544171333313,,,8,79449
0.15757684409618378,,,8,79499
0.17879760265350342,,,8,79549
0.16855517029762268,,,8,79599
0.14459721744060516,,,8,79649
0.20789377391338348,,,8,79699
0.15008792281150818,,,8,79749
0.19305464625358582,,,8,79799
0.18906615674495697,,,8,79849
0.15783365070819855,,,8,79899
0.1300979107618332,,,8,79949
0.1711244434118271,,,8,79999
0.16357967257499695,,,8,80049
0.16928300261497498,,,8,80099
0.1521730273962021,,,8,80149
0.12542693316936493,,,8,80199
0.13472764194011688,,,8,80249
0.14445091784000397,,,8,80299
0.15347541868686676,,,8,80349
0.14402619004249573,,,8,80399
0.15684689581394196,,,8,80449
0.13897304236888885,,,8,80499
0.1526459902524948,,,8,80549
0.1459697186946869,,,8,80599
0.16405171155929565,,,8,80649
0.13104680180549622,,,8,80699
0.19345888495445251,,,8,80749
0.15808650851249695,,,8,80799
0.22134283185005188,,,8,80849
0.15048977732658386,,,8,80899
0.18291625380516052,,,8,80949
0.17128509283065796,,,8,80999
0.17269009351730347,,,8,81049
0.14672376215457916,,,8,81099
0.15566974878311157,,,8,81149
0.17830711603164673,,,8,81199
0.16772490739822388,,,8,81249
0.14491994678974152,,,8,81299
0.17597584426403046,,,8,81349
0.16347792744636536,,,8,81399
0.17075936496257782,,,8,81449
0.17360740900039673,,,8,81499
0.1672653704881668,,,8,81549
0.19295090436935425,,,8,81599
0.16850152611732483,,,8,81649
0.145348459482193,,,8,81699
0.13687576353549957,,,8,81749
0.144576758146286,,,8,81799
0.15969456732273102,,,8,81849
0.1395849734544754,,,8,81899
0.14453920722007751,,,8,81949
0.1657579392194748,,,8,81999
0.20989620685577393,,,8,82049
0.14203771948814392,,,8,82099
0.146225705742836,,,8,82149
0.14687283337116241,,,8,82199
0.1556035429239273,,,8,82249
0.16030645370483398,,,8,82299
0.16050495207309723,,,8,82349
0.1393480747938156,,,8,82399
0.1404244750738144,,,8,82449
0.1349032074213028,,,8,82499
0.1443706452846527,,,8,82549
0.16137167811393738,,,8,82599
0.1399196833372116,,,8,82649
0.16625641286373138,,,8,82699
0.19145438075065613,,,8,82749
,0.9604018330574036,0.10980291664600372,8,82790
0.14843101799488068,,,9,82799
0.13741490244865417,,,9,82849
0.13402359187602997,,,9,82899
0.16629604995250702,,,9,82949
0.139523446559906,,,9,82999
0.14563201367855072,,,9,83049
0.13846026360988617,,,9,83099
0.14487600326538086,,,9,83149
0.14708657562732697,,,9,83199
0.1429707109928131,,,9,83249
0.159880593419075,,,9,83299
0.1597255915403366,,,9,83349
0.13879963755607605,,,9,83399
0.1474325805902481,,,9,83449
0.15842756628990173,,,9,83499
0.14208151400089264,,,9,83549
0.15209335088729858,,,9,83599
0.16121025383472443,,,9,83649
0.17151105403900146,,,9,83699
0.15108497440814972,,,9,83749
0.13907018303871155,,,9,83799
0.1789872646331787,,,9,83849
0.1665761023759842,,,9,83899
0.1726713627576828,,,9,83949
0.15866567194461823,,,9,83999
0.1796415001153946,,,9,84049
0.1400681585073471,,,9,84099
0.15235793590545654,,,9,84149
0.16986265778541565,,,9,84199
0.1764174997806549,,,9,84249
0.16961410641670227,,,9,84299
0.15643882751464844,,,9,84349
0.17932134866714478,,,9,84399
0.15593017637729645,,,9,84449
0.15294404327869415,,,9,84499
0.14265649020671844,,,9,84549
0.13876697421073914,,,9,84599
0.15788844227790833,,,9,84649
0.16740165650844574,,,9,84699
0.1425628662109375,,,9,84749
0.1522964984178543,,,9,84799
0.14297990500926971,,,9,84849
0.15577539801597595,,,9,84899
0.14637134969234467,,,9,84949
0.18329845368862152,,,9,84999
0.13667461276054382,,,9,85049
0.1757919192314148,,,9,85099
0.1494310200214386,,,9,85149
0.15186262130737305,,,9,85199
0.1597329080104828,,,9,85249
0.14720892906188965,,,9,85299
0.15139515697956085,,,9,85349
0.14661629498004913,,,9,85399
0.15742340683937073,,,9,85449
0.1582947075366974,,,9,85499
0.14530739188194275,,,9,85549
0.15935030579566956,,,9,85599
0.14545248448848724,,,9,85649
0.16156679391860962,,,9,85699
0.15316931903362274,,,9,85749
0.13709433376789093,,,9,85799
0.14643096923828125,,,9,85849
0.13356609642505646,,,9,85899
0.16414180397987366,,,9,85949
0.17028549313545227,,,9,85999
0.1661222279071808,,,9,86049
0.13945065438747406,,,9,86099
0.17406363785266876,,,9,86149
0.18193189799785614,,,9,86199
0.12359456717967987,,,9,86249
0.15633556246757507,,,9,86299
0.12090550363063812,,,9,86349
0.1310431808233261,,,9,86399
0.17289572954177856,,,9,86449
0.14610826969146729,,,9,86499
0.14734116196632385,,,9,86549
0.157323956489563,,,9,86599
0.16258201003074646,,,9,86649
0.18572494387626648,,,9,86699
0.14807677268981934,,,9,86749
0.11973334848880768,,,9,86799
0.15120911598205566,,,9,86849
0.17219053208827972,,,9,86899
0.16123029589653015,,,9,86949
0.16040563583374023,,,9,86999
0.1687624603509903,,,9,87049
0.14003054797649384,,,9,87099
0.1613726019859314,,,9,87149
0.1814929097890854,,,9,87199
0.12692296504974365,,,9,87249
0.1358630359172821,,,9,87299
0.1373581439256668,,,9,87349
0.1325886994600296,,,9,87399
0.20180116593837738,,,9,87449
0.1668187975883484,,,9,87499
0.1204795315861702,,,9,87549
0.15125983953475952,,,9,87599
0.14341722428798676,,,9,87649
0.14277637004852295,,,9,87699
0.17800317704677582,,,9,87749
0.17843537032604218,,,9,87799
0.1609792858362198,,,9,87849
0.14416736364364624,,,9,87899
0.15445320308208466,,,9,87949
0.16010014712810516,,,9,87999
0.1674845814704895,,,9,88049
0.1295091211795807,,,9,88099
0.14470253884792328,,,9,88149
0.13488902151584625,,,9,88199
0.1598934531211853,,,9,88249
0.12595058977603912,,,9,88299
0.121127188205719,,,9,88349
0.12886475026607513,,,9,88399
0.1584232598543167,,,9,88449
0.1420009434223175,,,9,88499
0.1714199185371399,,,9,88549
0.16407474875450134,,,9,88599
0.17161694169044495,,,9,88649
0.15736253559589386,,,9,88699
0.1720643788576126,,,9,88749
0.1574213057756424,,,9,88799
0.1614256054162979,,,9,88849
0.17471946775913239,,,9,88899
0.16752924025058746,,,9,88949
0.1545925736427307,,,9,88999
0.1095312088727951,,,9,89049
0.15767987072467804,,,9,89099
0.1601894348859787,,,9,89149
0.20896576344966888,,,9,89199
0.1843169629573822,,,9,89249
0.1695447415113449,,,9,89299
0.15754394233226776,,,9,89349
0.1393914669752121,,,9,89399
0.15692362189292908,,,9,89449
0.14740784466266632,,,9,89499
0.16398872435092926,,,9,89549
0.14779208600521088,,,9,89599
0.1510791927576065,,,9,89649
0.13682788610458374,,,9,89699
0.13142447173595428,,,9,89749
0.15659219026565552,,,9,89799
0.14833477139472961,,,9,89849
0.15797848999500275,,,9,89899
0.14603178203105927,,,9,89949
0.14903229475021362,,,9,89999
0.16560359299182892,,,9,90049
0.20451396703720093,,,9,90099
0.1343199610710144,,,9,90149
0.1463843584060669,,,9,90199
0.1364864706993103,,,9,90249
0.12459942698478699,,,9,90299
0.1487804651260376,,,9,90349
0.14063139259815216,,,9,90399
0.18641053140163422,,,9,90449
0.12486390024423599,,,9,90499
0.1670229136943817,,,9,90549
0.17777419090270996,,,9,90599
0.17874494194984436,,,9,90649
0.13323737680912018,,,9,90699
0.14506796002388,,,9,90749
0.12769204378128052,,,9,90799
0.15152718126773834,,,9,90849
0.14444470405578613,,,9,90899
0.14719094336032867,,,9,90949
0.12828116118907928,,,9,90999
0.13324443995952606,,,9,91049
0.12476912140846252,,,9,91099
0.1134529635310173,,,9,91149
0.1354524940252304,,,9,91199
0.1577463001012802,,,9,91249
0.1400241255760193,,,9,91299
0.13329769670963287,,,9,91349
0.1542581021785736,,,9,91399
0.16779591143131256,,,9,91449
0.1527101993560791,,,9,91499
0.15977349877357483,,,9,91549
0.17912247776985168,,,9,91599
0.11694452911615372,,,9,91649
0.1553812474012375,,,9,91699
0.15073080360889435,,,9,91749
0.13210859894752502,,,9,91799
0.13313600420951843,,,9,91849
0.15639136731624603,,,9,91899
0.14299209415912628,,,9,91949
,0.9632433652877808,0.10224784910678864,9,91989
0.14252914488315582,,,10,91999
0.17774544656276703,,,10,92049
0.1509077548980713,,,10,92099
0.14974641799926758,,,10,92149
0.14629332721233368,,,10,92199
0.1529518961906433,,,10,92249
0.14689403772354126,,,10,92299
0.14359112083911896,,,10,92349
0.14502212405204773,,,10,92399
0.16332654654979706,,,10,92449
0.1907835453748703,,,10,92499
0.14915846288204193,,,10,92549
0.14342202246189117,,,10,92599
0.16719216108322144,,,10,92649
0.13646896183490753,,,10,92699
0.14497067034244537,,,10,92749
0.1439942866563797,,,10,92799
0.14553415775299072,,,10,92849
0.12843294441699982,,,10,92899
0.15197649598121643,,,10,92949
0.12409116327762604,,,10,92999
0.17115969955921173,,,10,93049
0.14500738680362701,,,10,93099
0.17492148280143738,,,10,93149
0.13023297488689423,,,10,93199
0.15222883224487305,,,10,93249
0.14321650564670563,,,10,93299
0.18211285769939423,,,10,93349
0.15283897519111633,,,10,93399
0.13046400249004364,,,10,93449
0.18109600245952606,,,10,93499
0.12386303395032883,,,10,93549
0.14781388640403748,,,10,93599
0.1568130999803543,,,10,93649
0.14400780200958252,,,10,93699
0.14506499469280243,,,10,93749
0.1449771523475647,,,10,93799
0.13559561967849731,,,10,93849
0.15806692838668823,,,10,93899
0.13054421544075012,,,10,93949
0.14916247129440308,,,10,93999
0.14453615248203278,,,10,94049
0.1543436348438263,,,10,94099
0.14910437166690826,,,10,94149
0.15305770933628082,,,10,94199
0.14479228854179382,,,10,94249
0.12332320213317871,,,10,94299
0.1307918131351471,,,10,94349
0.12919193506240845,,,10,94399
0.140604168176651,,,10,94449
0.16540801525115967,,,10,94499
0.1628023386001587,,,10,94549
0.1462138444185257,,,10,94599
0.17575304210186005,,,10,94649
0.12735742330551147,,,10,94699
0.15542036294937134,,,10,94749
0.14522959291934967,,,10,94799
0.17123404145240784,,,10,94849
0.1292625516653061,,,10,94899
0.12547346949577332,,,10,94949
0.15236897766590118,,,10,94999
0.12585066258907318,,,10,95049
0.16723711788654327,,,10,95099
0.12752081453800201,,,10,95149
0.1539030820131302,,,10,95199
0.15948279201984406,,,10,95249
0.14149758219718933,,,10,95299
0.17942067980766296,,,10,95349
0.1547415405511856,,,10,95399
0.13423527777194977,,,10,95449
0.15509000420570374,,,10,95499
0.12657831609249115,,,10,95549
0.14269377291202545,,,10,95599
0.123594731092453,,,10,95649
0.16995514929294586,,,10,95699
0.1770380437374115,,,10,95749
0.13224592804908752,,,10,95799
0.1339641809463501,,,10,95849
0.14067624509334564,,,10,95899
0.12824058532714844,,,10,95949
0.13870248198509216,,,10,95999
0.13186009228229523,,,10,96049
0.1739749163389206,,,10,96099
0.15652845799922943,,,10,96149
0.1634444296360016,,,10,96199
0.12788736820220947,,,10,96249
0.1494704633951187,,,10,96299
0.13093824684619904,,,10,96349
0.14397503435611725,,,10,96399
0.12674298882484436,,,10,96449
0.16192007064819336,,,10,96499
0.17203912138938904,,,10,96549
0.12055113911628723,,,10,96599
0.15965063869953156,,,10,96649
0.15302515029907227,,,10,96699
0.1381499469280243,,,10,96749
0.14306960999965668,,,10,96799
0.13944926857948303,,,10,96849
0.1402280628681183,,,10,96899
0.1464759260416031,,,10,96949
0.13781802356243134,,,10,96999
0.1349020153284073,,,10,97049
0.1268198937177658,,,10,97099
0.17284013330936432,,,10,97149
0.13746215403079987,,,10,97199
0.1485123485326767,,,10,97249
0.17855149507522583,,,10,97299
0.1456492841243744,,,10,97349
0.15305759012699127,,,10,97399
0.1455693393945694,,,10,97449
0.13041052222251892,,,10,97499
0.13890103995800018,,,10,97549
0.14410677552223206,,,10,97599
0.1337297260761261,,,10,97649
0.13690125942230225,,,10,97699
0.1485540121793747,,,10,97749
0.17008380591869354,,,10,97799
0.11049319058656693,,,10,97849
0.1401575356721878,,,10,97899
0.14849624037742615,,,10,97949
0.15371377766132355,,,10,97999
0.1208263486623764,,,10,98049
0.125115305185318,,,10,98099
0.14384977519512177,,,10,98149
0.1689184010028839,,,10,98199
0.13706646859645844,,,10,98249
0.11611826717853546,,,10,98299
0.11858239769935608,,,10,98349
0.10669389367103577,,,10,98399
0.1123199537396431,,,10,98449
0.10492108017206192,,,10,98499
0.13928362727165222,,,10,98549
0.12385167926549911,,,10,98599
0.1722932755947113,,,10,98649
0.1225086897611618,,,10,98699
0.14723706245422363,,,10,98749
0.12842918932437897,,,10,98799
0.16375882923603058,,,10,98849
0.17587198317050934,,,10,98899
0.14246439933776855,,,10,98949
0.14665065705776215,,,10,98999
0.14036604762077332,,,10,99049
0.1487874984741211,,,10,99099
0.13983958959579468,,,10,99149
0.13095399737358093,,,10,99199
0.13992393016815186,,,10,99249
0.12865592539310455,,,10,99299
0.16615667939186096,,,10,99349
0.13287340104579926,,,10,99399
0.14727871119976044,,,10,99449
0.11629707366228104,,,10,99499
0.14194320142269135,,,10,99549
0.17218270897865295,,,10,99599
0.13866351544857025,,,10,99649
0.1319471001625061,,,10,99699
0.15265370905399323,,,10,99749
0.13926033675670624,,,10,99799
0.13926762342453003,,,10,99849
0.1539669930934906,,,10,99899
0.1468685120344162,,,10,99949
0.17138971388339996,,,10,99999
0.14809414744377136,,,10,100049
0.09606131911277771,,,10,100099
0.16182377934455872,,,10,100149
0.12979571521282196,,,10,100199
0.14012452960014343,,,10,100249
0.12183767557144165,,,10,100299
0.13403409719467163,,,10,100349
0.1605939418077469,,,10,100399
0.161589115858078,,,10,100449
0.11920130252838135,,,10,100499
0.13028070330619812,,,10,100549
0.17661437392234802,,,10,100599
0.12971433997154236,,,10,100649
0.12893769145011902,,,10,100699
0.1262657791376114,,,10,100749
0.13848663866519928,,,10,100799
0.14946670830249786,,,10,100849
0.15524694323539734,,,10,100899
0.14401744306087494,,,10,100949
0.14161467552185059,,,10,100999
0.17705655097961426,,,10,101049
0.15554238855838776,,,10,101099
0.13066592812538147,,,10,101149
,0.9650749564170837,0.09740152955055237,10,101188
0.1246311217546463,,,11,101199
0.164128378033638,,,11,101249
0.1304657757282257,,,11,101299
0.15356500446796417,,,11,101349
0.15443454682826996,,,11,101399
0.11703065782785416,,,11,101449
0.12712855637073517,,,11,101499
0.1836095005273819,,,11,101549
0.14106746017932892,,,11,101599
0.11732339859008789,,,11,101649
0.12918546795845032,,,11,101699
0.14707358181476593,,,11,101749
0.13118566572666168,,,11,101799
0.1594407707452774,,,11,101849
0.13293558359146118,,,11,101899
0.1470785140991211,,,11,101949
0.11783992499113083,,,11,101999
0.12635643780231476,,,11,102049
0.1250617355108261,,,11,102099
0.12474553287029266,,,11,102149
0.14745669066905975,,,11,102199
0.11905870586633682,,,11,102249
0.12199045717716217,,,11,102299
0.12619148194789886,,,11,102349
0.14987148344516754,,,11,102399
0.15465636551380157,,,11,102449
0.13568134605884552,,,11,102499
0.16726961731910706,,,11,102549
0.1327408105134964,,,11,102599
0.18355536460876465,,,11,102649
0.1230480894446373,,,11,102699
0.11905070394277573,,,11,102749
0.13664944469928741,,,11,102799
0.13210025429725647,,,11,102849
0.1649187058210373,,,11,102899
0.13688991963863373,,,11,102949
0.17261672019958496,,,11,102999
0.12147173285484314,,,11,103049
0.1614668369293213,,,11,103099
0.12352734059095383,,,11,103149
0.12242228537797928,,,11,103199
0.09524177759885788,,,11,103249
0.15972337126731873,,,11,103299
0.13405191898345947,,,11,103349
0.14833049476146698,,,11,103399
0.17385336756706238,,,11,103449
0.15198484063148499,,,11,103499
0.13370172679424286,,,11,103549
0.16626732051372528,,,11,103599
0.1656990796327591,,,11,103649
0.1268448829650879,,,11,103699
0.1273299604654312,,,11,103749
0.1275271326303482,,,11,103799
0.14319580793380737,,,11,103849
0.15644365549087524,,,11,103899
0.11782947182655334,,,11,103949
0.12797559797763824,,,11,103999
0.11402054876089096,,,11,104049
0.13823463022708893,,,11,104099
0.1642179787158966,,,11,104149
0.10328122973442078,,,11,104199
0.12735407054424286,,,11,104249
0.13305817544460297,,,11,104299
0.14231251180171967,,,11,104349
0.14840370416641235,,,11,104399
0.11031851172447205,,,11,104449
0.11558160930871964,,,11,104499
0.17527753114700317,,,11,104549
0.1289980113506317,,,11,104599
0.16015447676181793,,,11,104649
0.11547049134969711,,,11,104699
0.15703630447387695,,,11,104749
0.1355462372303009,,,11,104799
0.1106375902891159,,,11,104849
0.12678007781505585,,,11,104899
0.1547674685716629,,,11,104949
0.16187407076358795,,,11,104999
0.1586986929178238,,,11,105049
0.1378168910741806,,,11,105099
0.12196897715330124,,,11,105149
0.16814188659191132,,,11,105199
0.1414279341697693,,,11,105249
0.1458975225687027,,,11,105299
0.12833058834075928,,,11,105349
0.13488635420799255,,,11,105399
0.12433654814958572,,,11,105449
0.14289814233779907,,,11,105499
0.12525053322315216,,,11,105549
0.11190881580114365,,,11,105599
0.15763795375823975,,,11,105649
0.10184873640537262,,,11,105699
0.11589673161506653,,,11,105749
0.114188551902771,,,11,105799
0.11934100836515427,,,11,105849
0.13085195422172546,,,11,105899
0.1304514855146408,,,11,105949
0.13425566256046295,,,11,105999
0.1175941750407219,,,11,106049
0.17318396270275116,,,11,106099
0.14354704320430756,,,11,106149
0.1255275160074234,,,11,106199
0.17835405468940735,,,11,106249
0.12395484000444412,,,11,106299
0.15730424225330353,,,11,106349
0.15073202550411224,,,11,106399
0.11526024341583252,,,11,106449
0.13628309965133667,,,11,106499
0.14759261906147003,,,11,106549
0.14974330365657806,,,11,106599
0.152523472905159,,,11,106649
0.1406121402978897,,,11,106699
0.11081700772047043,,,11,106749
0.14953091740608215,,,11,106799
0.12178882211446762,,,11,106849
0.14325180649757385,,,11,106899
0.15344490110874176,,,11,106949
0.1379159539937973,,,11,106999
0.13638590276241302,,,11,107049
0.12228632718324661,,,11,107099
0.14975550770759583,,,11,107149
0.10417507588863373,,,11,107199
0.1409558653831482,,,11,107249
0.12132333964109421,,,11,107299
0.1608254313468933,,,11,107349
0.13411693274974823,,,11,107399
0.11049099266529083,,,11,107449
0.17958228290081024,,,11,107499
0.16379530727863312,,,11,107549
0.12776893377304077,,,11,107599
0.1748841255903244,,,11,107649
0.1155100166797638,,,11,107699
0.1353861689567566,,,11,107749
0.14121298491954803,,,11,107799
0.1305292248725891,,,11,107849
0.15895482897758484,,,11,107899
0.14011289179325104,,,11,107949
0.12200652807950974,,,11,107999
0.11920423805713654,,,11,108049
0.10486780852079391,,,11,108099
0.13143911957740784,,,11,108149
0.14032696187496185,,,11,108199
0.1796988546848297,,,11,108249
0.13314183056354523,,,11,108299
0.12721721827983856,,,11,108349
0.12119442224502563,,,11,108399
0.13633717596530914,,,11,108449
0.10617773979902267,,,11,108499
0.14024347066879272,,,11,108549
0.11143530905246735,,,11,108599
0.125055193901062,,,11,108649
0.14228563010692596,,,11,108699
0.14923898875713348,,,11,108749
0.11616604030132294,,,11,108799
0.11570870131254196,,,11,108849
0.1472264677286148,,,11,108899
0.1177932471036911,,,11,108949
0.13650532066822052,,,11,108999
0.15676820278167725,,,11,109049
0.12910452485084534,,,11,109099
0.15053632855415344,,,11,109149
0.16277264058589935,,,11,109199
0.11306115239858627,,,11,109249
0.12845654785633087,,,11,109299
0.15702472627162933,,,11,109349
0.15517409145832062,,,11,109399
0.12056832015514374,,,11,109449
0.10019658505916595,,,11,109499
0.149660125374794,,,11,109549
0.1512550413608551,,,11,109599
0.12665924429893494,,,11,109649
0.14040032029151917,,,11,109699
0.18568192422389984,,,11,109749
0.1504904329776764,,,11,109799
0.1308811902999878,,,11,109849
0.12717647850513458,,,11,109899
0.12480100244283676,,,11,109949
0.13516546785831451,,,11,109999
0.1422802358865738,,,11,110049
0.12846823036670685,,,11,110099
0.144786074757576,,,11,110149
0.14356589317321777,,,11,110199
0.13480006158351898,,,11,110249
0.11949505656957626,,,11,110299
0.10311995446681976,,,11,110349
,0.9667912721633911,0.09284664690494537,11,110387
0.14609523117542267,,,12,110399
0.10506691038608551,,,12,110449
0.14837154746055603,,,12,110499
0.14484433829784393,,,12,110549
0.13335347175598145,,,12,110599
0.1670791655778885,,,12,110649
0.13371185958385468,,,12,110699
0.141119122505188,,,12,110749
0.13404272496700287,,,12,110799
0.14844098687171936,,,12,110849
0.17414261400699615,,,12,110899
0.1236826553940773,,,12,110949
0.13166877627372742,,,12,110999
0.12042836844921112,,,12,111049
0.1371106654405594,,,12,111099
0.11349150538444519,,,12,111149
0.12137884646654129,,,12,111199
0.1159844622015953,,,12,111249
0.12498516589403152,,,12,111299
0.12902726233005524,,,12,111349
0.13674761354923248,,,12,111399
0.13477715849876404,,,12,111449
0.1117134839296341,,,12,111499
0.11009448021650314,,,12,111549
0.12913669645786285,,,12,111599
0.14983731508255005,,,12,111649
0.11549470573663712,,,12,111699
0.11259330064058304,,,12,111749
0.1296127438545227,,,12,111799
0.12461663037538528,,,12,111849
0.1245446652173996,,,12,111899
0.1689620316028595,,,12,111949
0.16699181497097015,,,12,111999
0.11482672393321991,,,12,112049
0.1242007315158844,,,12,112099
0.11923545598983765,,,12,112149
0.13184718787670135,,,12,112199
0.1297813355922699,,,12,112249
0.11134175956249237,,,12,112299
0.12583215534687042,,,12,112349
0.14100821316242218,,,12,112399
0.12874986231327057,,,12,112449
0.14419956505298615,,,12,112499
0.12951143085956573,,,12,112549
0.14116032421588898,,,12,112599
0.10486361384391785,,,12,112649
0.12101958692073822,,,12,112699
0.14490212500095367,,,12,112749
0.12297528982162476,,,12,112799
0.12444497644901276,,,12,112849
0.11616185307502747,,,12,112899
0.11380714178085327,,,12,112949
0.1340676099061966,,,12,112999
0.14814859628677368,,,12,113049
0.13418880105018616,,,12,113099
0.14436785876750946,,,12,113149
0.12738972902297974,,,12,113199
0.15593276917934418,,,12,113249
0.1454574167728424,,,12,113299
0.10797528177499771,,,12,113349
0.1264999508857727,,,12,113399
0.1396545022726059,,,12,113449
0.15198761224746704,,,12,113499
0.1478859782218933,,,12,113549
0.1172986626625061,,,12,113599
0.13244229555130005,,,12,113649
0.165522962808609,,,12,113699
0.11263562738895416,,,12,113749
0.10330163687467575,,,12,113799
0.1274828165769577,,,12,113849
0.12266744673252106,,,12,113899
0.13792204856872559,,,12,113949
0.11371160298585892,,,12,113999
0.13652019202709198,,,12,114049
0.1242862418293953,,,12,114099
0.11259745806455612,,,12,114149
0.09849721938371658,,,12,114199
0.14806245267391205,,,12,114249
0.11937424540519714,,,12,114299
0.11845943331718445,,,12,114349
0.1342911273241043,,,12,114399
0.14313803613185883,,,12,114449
0.14725922048091888,,,12,114499
0.11138705909252167,,,12,114549
0.1153007373213768,,,12,114599
0.09973300248384476,,,12,114649
0.13242942094802856,,,12,114699
0.12209735810756683,,,12,114749
0.14618898928165436,,,12,114799
0.15508359670639038,,,12,114849
0.12381099909543991,,,12,114899
0.14399081468582153,,,12,114949
0.12408694624900818,,,12,114999
0.10850019007921219,,,12,115049
0.1357659548521042,,,12,115099
0.10338688641786575,,,12,115149
0.13445846736431122,,,12,115199
0.14419816434383392,,,12,115249
0.14141422510147095,,,12,115299
0.12392287701368332,,,12,115349
0.128939688205719,,,12,115399
0.11876310408115387,,,12,115449
0.1939595341682434,,,12,115499
0.14421862363815308,,,12,115549
0.1159844696521759,,,12,115599
0.13951098918914795,,,12,115649
0.12093427032232285,,,12,115699
0.13542614877223969,,,12,115749
0.1373225599527359,,,12,115799
0.136408269405365,,,12,115849
0.12802155315876007,,,12,115899
0.13971903920173645,,,12,115949
0.10203133523464203,,,12,115999
0.10884179919958115,,,12,116049
0.10972549021244049,,,12,116099
0.100374735891819,,,12,116149
0.12108977884054184,,,12,116199
0.10693332552909851,,,12,116249
0.13283848762512207,,,12,116299
0.151651993393898,,,12,116349
0.14131322503089905,,,12,116399
0.12403081357479095,,,12,116449
0.14061479270458221,,,12,116499
0.10729248821735382,,,12,116549
0.1072726771235466,,,12,116599
0.12729617953300476,,,12,116649
0.14384829998016357,,,12,116699
0.1365748792886734,,,12,116749
0.13226009905338287,,,12,116799
0.14032664895057678,,,12,116849
0.1252179592847824,,,12,116899
0.12834858894348145,,,12,116949
0.12298718094825745,,,12,116999
0.11099138110876083,,,12,117049
0.1314394623041153,,,12,117099
0.1351809799671173,,,12,117149
0.1517871469259262,,,12,117199
0.15033742785453796,,,12,117249
0.13128717243671417,,,12,117299
0.11715337634086609,,,12,117349
0.09930885583162308,,,12,117399
0.1620425134897232,,,12,117449
0.14430400729179382,,,12,117499
0.11445029079914093,,,12,117549
0.1150902584195137,,,12,117599
0.10539612919092178,,,12,117649
0.1130242869257927,,,12,117699
0.11645929515361786,,,12,117749
0.1414594203233719,,,12,117799
0.10530690103769302,,,12,117849
0.12122012674808502,,,12,117899
0.11425778269767761,,,12,117949
0.122171550989151,,,12,117999
0.10384761542081833,,,12,118049
0.14319197833538055,,,12,118099
0.14633308351039886,,,12,118149
0.14423640072345734,,,12,118199
0.10629762709140778,,,12,118249
0.132674440741539,,,12,118299
0.13152767717838287,,,12,118349
0.12761062383651733,,,12,118399
0.1465180516242981,,,12,118449
0.12064062803983688,,,12,118499
0.11385785043239594,,,12,118549
0.12261564284563065,,,12,118599
0.1283537596464157,,,12,118649
0.12337449938058853,,,12,118699
0.14543312788009644,,,12,118749
0.15590335428714752,,,12,118799
0.11431805044412613,,,12,118849
0.15176677703857422,,,12,118899
0.1257931888103485,,,12,118949
0.1291372925043106,,,12,118999
0.13132914900779724,,,12,119049
0.14303866028785706,,,12,119099
0.13829821348190308,,,12,119149
0.12989407777786255,,,12,119199
0.14353086054325104,,,12,119249
0.11465279012918472,,,12,119299
0.13930551707744598,,,12,119349
0.16512998938560486,,,12,119399
0.14790648221969604,,,12,119449
0.12148548662662506,,,12,119499
0.13341760635375977,,,12,119549
,0.9678352475166321,0.09013819694519043,12,119586
0.12953437864780426,,,13,119599
0.1060667559504509,,,13,119649
0.11810792237520218,,,13,119699
0.11465571820735931,,,13,119749
0.16046401858329773,,,13,119799
0.13311810791492462,,,13,119849
0.13098041713237762,,,13,119899
0.12167424708604813,,,13,119949
0.12104145437479019,,,13,119999
0.09006811678409576,,,13,120049
0.1114172637462616,,,13,120099
0.12303277105093002,,,13,120149
0.12000363320112228,,,13,120199
0.14635518193244934,,,13,120249
0.1251862496137619,,,13,120299
0.13421544432640076,,,13,120349
0.12112139910459518,,,13,120399
0.11006280779838562,,,13,120449
0.09383971989154816,,,13,120499
0.11672213673591614,,,13,120549
0.12849047780036926,,,13,120599
0.1185416504740715,,,13,120649
0.13114716112613678,,,13,120699
0.10438019782304764,,,13,120749
0.10193460434675217,,,13,120799
0.1374773532152176,,,13,120849
0.1324126273393631,,,13,120899
0.09557470679283142,,,13,120949
0.12091725319623947,,,13,120999
0.1477021723985672,,,13,121049
0.10176798701286316,,,13,121099
0.09105747193098068,,,13,121149
0.11545082181692123,,,13,121199
0.14484864473342896,,,13,121249
0.11341913789510727,,,13,121299
0.1257682889699936,,,13,121349
0.1412886381149292,,,13,121399
0.12171798944473267,,,13,121449
0.15886911749839783,,,13,121499
0.14542078971862793,,,13,121549
0.14571188390254974,,,13,121599
0.14100858569145203,,,13,121649
0.1418827623128891,,,13,121699
0.13673144578933716,,,13,121749
0.1042003184556961,,,13,121799
0.13785973191261292,,,13,121849
0.11909641325473785,,,13,121899
0.10875137895345688,,,13,121949
0.10806868225336075,,,13,121999
0.14288648962974548,,,13,122049
0.11633185297250748,,,13,122099
0.11773168295621872,,,13,122149
0.16188456118106842,,,13,122199
0.14347074925899506,,,13,122249
0.10213037580251694,,,13,122299
0.1358751654624939,,,13,122349
0.13863709568977356,,,13,122399
0.1336677521467209,,,13,122449
0.09883184731006622,,,13,122499
0.1276848018169403,,,13,122549
0.13949616253376007,,,13,122599
0.09767001122236252,,,13,122649
0.1297890841960907,,,13,122699
0.15442194044589996,,,13,122749
0.15435166656970978,,,13,122799
0.12304770946502686,,,13,122849
0.11501848697662354,,,13,122899
0.13593986630439758,,,13,122949
0.10771482437849045,,,13,122999
0.1415393352508545,,,13,123049
0.12173300981521606,,,13,123099
0.11186765134334564,,,13,123149
0.11762748658657074,,,13,123199
0.13967156410217285,,,13,123249
0.14498478174209595,,,13,123299
0.13702936470508575,,,13,123349
0.13345161080360413,,,13,123399
0.12012388557195663,,,13,123449
0.12317989766597748,,,13,123499
0.12078683078289032,,,13,123549
0.1230100616812706,,,13,123599
0.12064193934202194,,,13,123649
0.10798586905002594,,,13,123699
0.1452779620885849,,,13,123749
0.12478108704090118,,,13,123799
0.12443466484546661,,,13,123849
0.1277686357498169,,,13,123899
0.11235368251800537,,,13,123949
0.1316632330417633,,,13,123999
0.12772206962108612,,,13,124049
0.130705326795578,,,13,124099
0.11063779145479202,,,13,124149
0.12589390575885773,,,13,124199
0.1088787093758583,,,13,124249
0.12679682672023773,,,13,124299
0.11453799158334732,,,13,124349
0.1231607049703598,,,13,124399
0.11449462175369263,,,13,124449
0.1330261528491974,,,13,124499
0.12784643471240997,,,13,124549
0.17896297574043274,,,13,124599
0.12464170157909393,,,13,124649
0.14719116687774658,,,13,124699
0.14555200934410095,,,13,124749
0.14239686727523804,,,13,124799
0.14661762118339539,,,13,124849
0.13501884043216705,,,13,124899
0.10230128467082977,,,13,124949
0.12831003963947296,,,13,124999
0.12394383549690247,,,13,125049
0.1181456670165062,,,13,125099
0.13973680138587952,,,13,125149
0.13388946652412415,,,13,125199
0.12440209090709686,,,13,125249
0.139134019613266,,,13,125299
0.1428517997264862,,,13,125349
0.12685717642307281,,,13,125399
0.1339872181415558,,,13,125449
0.10863765329122543,,,13,125499
0.11194801330566406,,,13,125549
0.1042981892824173,,,13,125599
0.08089998364448547,,,13,125649
0.12816011905670166,,,13,125699
0.13422760367393494,,,13,125749
0.1052711009979248,,,13,125799
0.1495325267314911,,,13,125849
0.16001072525978088,,,13,125899
0.09192278236150742,,,13,125949
0.13054196536540985,,,13,125999
0.10292485356330872,,,13,126049
0.11497001349925995,,,13,126099
0.10902727395296097,,,13,126149
0.10259031504392624,,,13,126199
0.1285814642906189,,,13,126249
0.1277652382850647,,,13,126299
0.10845010727643967,,,13,126349
0.10251488536596298,,,13,126399
0.14867441356182098,,,13,126449
0.18816401064395905,,,13,126499
0.12142761051654816,,,13,126549
0.12761636078357697,,,13,126599
0.10018178820610046,,,13,126649
0.1139853373169899,,,13,126699
0.1176212877035141,,,13,126749
0.14423902332782745,,,13,126799
0.12854577600955963,,,13,126849
0.12271322309970856,,,13,126899
0.15343551337718964,,,13,126949
0.1326378583908081,,,13,126999
0.11605487763881683,,,13,127049
0.1052914410829544,,,13,127099
0.11636653542518616,,,13,127149
0.12633128464221954,,,13,127199
0.15698012709617615,,,13,127249
0.14372660219669342,,,13,127299
0.12974782288074493,,,13,127349
0.1241963729262352,,,13,127399
0.1263115555047989,,,13,127449
0.12686951458454132,,,13,127499
0.14753279089927673,,,13,127549
0.11132194846868515,,,13,127599
0.11003748327493668,,,13,127649
0.10820473730564117,,,13,127699
0.14553482830524445,,,13,127749
0.12583564221858978,,,13,127799
0.1351032555103302,,,13,127849
0.14961126446723938,,,13,127899
0.10469076037406921,,,13,127949
0.10905225574970245,,,13,127999
0.1491042524576187,,,13,128049
0.14875568449497223,,,13,128099
0.13289141654968262,,,13,128149
0.14066527783870697,,,13,128199
0.1293160617351532,,,13,128249
0.11689505726099014,,,13,128299
0.12211913615465164,,,13,128349
0.11638721823692322,,,13,128399
0.14610600471496582,,,13,128449
0.09844538569450378,,,13,128499
0.12024497240781784,,,13,128549
0.17771956324577332,,,13,128599
0.11429020017385483,,,13,128649
0.1532362401485443,,,13,128699
0.1400149166584015,,,13,128749
,0.9695708155632019,0.08551561832427979,13,128785
0.10795381665229797,,,14,128799
0.11065693199634552,,,14,128849
0.10381750017404556,,,14,128899
0.11931668967008591,,,14,128949
0.12926335632801056,,,14,128999
0.09594134241342545,,,14,129049
0.11203139275312424,,,14,129099
0.10408750921487808,,,14,129149
0.10173171013593674,,,14,129199
0.10750214010477066,,,14,129249
0.10245750099420547,,,14,129299
0.14831364154815674,,,14,129349
0.1106153130531311,,,14,129399
0.1416471302509308,,,14,129449
0.10331542044878006,,,14,129499
0.12418907880783081,,,14,129549
0.14598165452480316,,,14,129599
0.15873068571090698,,,14,129649
0.12445103377103806,,,14,129699
0.15334174036979675,,,14,129749
0.1282648742198944,,,14,129799
0.1420520842075348,,,14,129849
0.09737281501293182,,,14,129899
0.11943117529153824,,,14,129949
0.100894033908844,,,14,129999
0.11487710475921631,,,14,130049
0.13805930316448212,,,14,130099
0.16793161630630493,,,14,130149
0.1425255686044693,,,14,130199
0.16428528726100922,,,14,130249
0.10825701802968979,,,14,130299
0.107511967420578,,,14,130349
0.12775230407714844,,,14,130399
0.1162542775273323,,,14,130449
0.122207410633564,,,14,130499
0.14269015192985535,,,14,130549
0.11237457394599915,,,14,130599
0.11965551227331161,,,14,130649
0.10586904734373093,,,14,130699
0.10872987657785416,,,14,130749
0.12212448567152023,,,14,130799
0.11614910513162613,,,14,130849
0.10945843905210495,,,14,130899
0.10404672473669052,,,14,130949
0.1380227953195572,,,14,130999
0.16795389354228973,,,14,131049
0.1072293072938919,,,14,131099
0.13500471413135529,,,14,131149
0.08453255146741867,,,14,131199
0.13138344883918762,,,14,131249
0.13655875623226166,,,14,131299
0.1478947550058365,,,14,131349
0.11637423932552338,,,14,131399
0.14336474239826202,,,14,131449
0.10794348269701004,,,14,131499
0.10425584763288498,,,14,131549
0.14329539239406586,,,14,131599
0.12009608000516891,,,14,131649
0.12371595948934555,,,14,131699
0.1390889585018158,,,14,131749
0.11127472668886185,,,14,131799
0.11414061486721039,,,14,131849
0.14363622665405273,,,14,131899
0.14617137610912323,,,14,131949
0.12180767953395844,,,14,131999
0.12243548035621643,,,14,132049
0.13395416736602783,,,14,132099
0.10946132987737656,,,14,132149
0.12569653987884521,,,14,132199
0.11446090787649155,,,14,132249
0.11737046390771866,,,14,132299
0.12721917033195496,,,14,132349
0.13949616253376007,,,14,132399
0.10330304503440857,,,14,132449
0.11263473331928253,,,14,132499
0.14993153512477875,,,14,132549
0.12129652500152588,,,14,132599
0.12352403998374939,,,14,132649
0.14031092822551727,,,14,132699
0.1175985112786293,,,14,132749
0.12242340296506882,,,14,132799
0.11100271344184875,,,14,132849
0.1223318949341774,,,14,132899
0.1279231309890747,,,14,132949
0.10721440613269806,,,14,132999
0.14166699349880219,,,14,133049
0.13529637455940247,,,14,133099
0.13289855420589447,,,14,133149
0.1411547213792801,,,14,133199
0.15939362347126007,,,14,133249
0.12267962843179703,,,14,133299
0.11358845978975296,,,14,133349
0.12490323185920715,,,14,133399
0.12477937340736389,,,14,133449
0.10476580262184143,,,14,133499
0.12234953790903091,,,14,133549
0.1315845102071762,,,14,133599
0.12482273578643799,,,14,133649
0.11564959585666656,,,14,133699
0.12426236271858215,,,14,133749
0.11537379026412964,,,14,133799
0.11994767189025879,,,14,133849
0.13240277767181396,,,14,133899
0.10223747789859772,,,14,133949
0.11028628051280975,,,14,133999
0.11152941733598709,,,14,134049
0.11927063763141632,,,14,134099
0.12691345810890198,,,14,134149
0.12420148402452469,,,14,134199
0.11770174652338028,,,14,134249
0.14611034095287323,,,14,134299
0.11954972892999649,,,14,134349
0.12152703106403351,,,14,134399
0.11304264515638351,,,14,134449
0.13571305572986603,,,14,134499
0.10955026745796204,,,14,134549
0.10697730630636215,,,14,134599
0.10664446651935577,,,14,134649
0.1501236855983734,,,14,134699
0.11304477602243423,,,14,134749
0.10077247023582458,,,14,134799
0.14804410934448242,,,14,134849
0.11792369186878204,,,14,134899
0.13243700563907623,,,14,134949
0.11619996279478073,,,14,134999
0.11070802062749863,,,14,135049
0.10682684183120728,,,14,135099
0.11394143104553223,,,14,135149
0.11167054623365402,,,14,135199
0.1254601925611496,,,14,135249
0.10199012607336044,,,14,135299
0.11498165130615234,,,14,135349
0.14492389559745789,,,14,135399
0.12640461325645447,,,14,135449
0.11923358589410782,,,14,135499
0.10827618092298508,,,14,135549
0.15896959602832794,,,14,135599
0.12631955742835999,,,14,135649
0.11625439673662186,,,14,135699
0.11361061036586761,,,14,135749
0.12743914127349854,,,14,135799
0.12709704041481018,,,14,135849
0.13885867595672607,,,14,135899
0.12741601467132568,,,14,135949
0.10346473753452301,,,14,135999
0.11497350037097931,,,14,136049
0.09065346419811249,,,14,136099
0.11556784808635712,,,14,136149
0.09585507959127426,,,14,136199
0.1238698661327362,,,14,136249
0.13750286400318146,,,14,136299
0.1253417581319809,,,14,136349
0.1243569552898407,,,14,136399
0.12993785738945007,,,14,136449
0.09278856962919235,,,14,136499
0.11908625811338425,,,14,136549
0.11859659850597382,,,14,136599
0.10930957645177841,,,14,136649
0.12924574315547943,,,14,136699
0.11072995513677597,,,14,136749
0.1319257766008377,,,14,136799
0.1388022005558014,,,14,136849
0.11081874370574951,,,14,136899
0.15387116372585297,,,14,136949
0.13498137891292572,,,14,136999
0.14720071852207184,,,14,137049
0.12741117179393768,,,14,137099
0.10003019869327545,,,14,137149
0.09358931332826614,,,14,137199
0.1351197063922882,,,14,137249
0.13701464235782623,,,14,137299
0.12130039185285568,,,14,137349
0.1051979809999466,,,14,137399
0.12286431342363358,,,14,137449
0.13816073536872864,,,14,137499
0.10322335362434387,,,14,137549
0.11231254786252975,,,14,137599
0.127205953001976,,,14,137649
0.08564656227827072,,,14,137699
0.100459024310112,,,14,137749
0.1397327333688736,,,14,137799
0.16280822455883026,,,14,137849
0.10687337815761566,,,14,137899
0.15137413144111633,,,14,137949
,0.9701646566390991,0.08358315378427505,14,137984
0.10939377546310425,,,15,137999
0.11499566584825516,,,15,138049
0.10907522588968277,,,15,138099
0.11568583548069,,,15,138149
0.13603869080543518,,,15,138199
0.15809161961078644,,,15,138249
0.10531330853700638,,,15,138299
0.11444303393363953,,,15,138349
0.13089363276958466,,,15,138399
0.11444436013698578,,,15,138449
0.09704611450433731,,,15,138499
0.07343832403421402,,,15,138549
0.1179867684841156,,,15,138599
0.11266795545816422,,,15,138649
0.13415853679180145,,,15,138699
0.17100754380226135,,,15,138749
0.1338615119457245,,,15,138799
0.14305740594863892,,,15,138849
0.1215275302529335,,,15,138899
0.11691552400588989,,,15,138949
0.12135539948940277,,,15,138999
0.10332276672124863,,,15,139049
0.12309227883815765,,,15,139099
0.12235027551651001,,,15,139149
0.09559007734060287,,,15,139199
0.11917178332805634,,,15,139249
0.11665332317352295,,,15,139299
0.11232976615428925,,,15,139349
0.1129106879234314,,,15,139399
0.10647360235452652,,,15,139449
0.12857715785503387,,,15,139499
0.11117430031299591,,,15,139549
0.128212109208107,,,15,139599
0.11874917894601822,,,15,139649
0.11234888434410095,,,15,139699
0.15984700620174408,,,15,139749
0.10555759072303772,,,15,139799
0.14377592504024506,,,15,139849
0.09408717602491379,,,15,139899
0.12572993338108063,,,15,139949
0.1220032200217247,,,15,139999
0.12991924583911896,,,15,140049
0.1190047562122345,,,15,140099
0.12622863054275513,,,15,140149
0.1155959740281105,,,15,140199
0.1286676675081253,,,15,140249
0.12543052434921265,,,15,140299
0.13347244262695312,,,15,140349
0.11488267779350281,,,15,140399
0.1236656904220581,,,15,140449
0.09094852209091187,,,15,140499
0.1316809207201004,,,15,140549
0.09580177068710327,,,15,140599
0.15906096994876862,,,15,140649
0.12034288793802261,,,15,140699
0.11920512467622757,,,15,140749
0.21605192124843597,,,15,140799
0.11035658419132233,,,15,140849
0.14006830751895905,,,15,140899
0.15573757886886597,,,15,140949
0.1314810961484909,,,15,140999
0.11750344187021255,,,15,141049
0.12673315405845642,,,15,141099
0.11648113280534744,,,15,141149
0.13847686350345612,,,15,141199
0.13594950735569,,,15,141249
0.13365782797336578,,,15,141299
0.13102678954601288,,,15,141349
0.14127114415168762,,,15,141399
0.12680377066135406,,,15,141449
0.10848990082740784,,,15,141499
0.11533588171005249,,,15,141549
0.1124105229973793,,,15,141599
0.11240158975124359,,,15,141649
0.13628292083740234,,,15,141699
0.10679198056459427,,,15,141749
0.08485765755176544,,,15,141799
0.13756854832172394,,,15,141849
0.10939773917198181,,,15,141899
0.12685424089431763,,,15,141949
0.10041183978319168,,,15,141999
0.12799251079559326,,,15,142049
0.09098377078771591,,,15,142099
0.1324165165424347,,,15,142149
0.13718348741531372,,,15,142199
0.08096194267272949,,,15,142249
0.12518556416034698,,,15,142299
0.14359040558338165,,,15,142349
0.08757518976926804,,,15,142399
0.1454111933708191,,,15,142449
0.10830537229776382,,,15,142499
0.14184826612472534,,,15,142549
0.11755537241697311,,,15,142599
0.10680460184812546,,,15,142649
0.11092405021190643,,,15,142699
0.13757850229740143,,,15,142749
0.10586908459663391,,,15,142799
0.09310682117938995,,,15,142849
0.12012100219726562,,,15,142899
0.12073896080255508,,,15,142949
0.11684726923704147,,,15,142999
0.10138554871082306,,,15,143049
0.14853635430335999,,,15,143099
0.14142388105392456,,,15,143149
0.1008710116147995,,,15,143199
0.1261240541934967,,,15,143249
0.12285682559013367,,,15,143299
0.13475728034973145,,,15,143349
0.10403180122375488,,,15,143399
0.09929239749908447,,,15,143449
0.14214089512825012,,,15,143499
0.09855887293815613,,,15,143549
0.11070457845926285,,,15,143599
0.14951594173908234,,,15,143649
0.10812825709581375,,,15,143699
0.14110076427459717,,,15,143749
0.13220661878585815,,,15,143799
0.11005434393882751,,,15,143849
0.1175515353679657,,,15,143899
0.12586545944213867,,,15,143949
0.14418838918209076,,,15,143999
0.12093985080718994,,,15,144049
0.13115130364894867,,,15,144099
0.12726053595542908,,,15,144149
0.0831661969423294,,,15,144199
0.10809320956468582,,,15,144249
0.10857173800468445,,,15,144299
0.10133562237024307,,,15,144349
0.11268308758735657,,,15,144399
0.11578772962093353,,,15,144449
0.10825829207897186,,,15,144499
0.14683759212493896,,,15,144549
0.10162699222564697,,,15,144599
0.11124367266893387,,,15,144649
0.09527100622653961,,,15,144699
0.12037165462970734,,,15,144749
0.11377955228090286,,,15,144799
0.11166240274906158,,,15,144849
0.10990390181541443,,,15,144899
0.11241194605827332,,,15,144949
0.10911781340837479,,,15,144999
0.09598591923713684,,,15,145049
0.13600528240203857,,,15,145099
0.12348812818527222,,,15,145149
0.11245029419660568,,,15,145199
0.09942265599966049,,,15,145249
0.1278398185968399,,,15,145299
0.11439300328493118,,,15,145349
0.16303108632564545,,,15,145399
0.10682199150323868,,,15,145449
0.12880350649356842,,,15,145499
0.10453245043754578,,,15,145549
0.12354806065559387,,,15,145599
0.11601252853870392,,,15,145649
0.11993621289730072,,,15,145699
0.08545700460672379,,,15,145749
0.11110757291316986,,,15,145799
0.13791070878505707,,,15,145849
0.10579092055559158,,,15,145899
0.12412247806787491,,,15,145949
0.1352314054965973,,,15,145999
0.11845795810222626,,,15,146049
0.13150782883167267,,,15,146099
0.11656512320041656,,,15,146149
0.1403743475675583,,,15,146199
0.13164348900318146,,,15,146249
0.10445361584424973,,,15,146299
0.1356484740972519,,,15,146349
0.1398332267999649,,,15,146399
0.11082793027162552,,,15,146449
0.09049531817436218,,,15,146499
0.11838792264461517,,,15,146549
0.15528063476085663,,,15,146599
0.12938912212848663,,,15,146649
0.1452617347240448,,,15,146699
0.11242411285638809,,,15,146749
0.11307897418737411,,,15,146799
0.12037014961242676,,,15,146849
0.11453799158334732,,,15,146899
0.12136388570070267,,,15,146949
0.11697008460760117,,,15,146999
0.1118181124329567,,,15,147049
0.11449960619211197,,,15,147099
0.12006885558366776,,,15,147149
,0.9711814522743225,0.08115768432617188,15,147183
0.10862258076667786,,,16,147199
0.08818009495735168,,,16,147249
0.10130862146615982,,,16,147299
0.14123818278312683,,,16,147349
0.13515499234199524,,,16,147399
0.129817932844162,,,16,147449
0.10686153918504715,,,16,147499
0.09137658029794693,,,16,147549
0.12613947689533234,,,16,147599
0.13066530227661133,,,16,147649
0.12295924872159958,,,16,147699
0.13144899904727936,,,16,147749
0.10038013011217117,,,16,147799
0.12611189484596252,,,16,147849
0.10740965604782104,,,16,147899
0.10863244533538818,,,16,147949
0.14357483386993408,,,16,147999
0.09787935018539429,,,16,148049
0.16687826812267303,,,16,148099
0.1124960407614708,,,16,148149
0.11373477429151535,,,16,148199
0.10067050158977509,,,16,148249
0.09798423200845718,,,16,148299
0.12922286987304688,,,16,148349
0.13219177722930908,,,16,148399
0.10817490518093109,,,16,148449
0.11325008422136307,,,16,148499
0.0857611894607544,,,16,148549
0.10112622380256653,,,16,148599
0.15115630626678467,,,16,148649
0.08145390450954437,,,16,148699
0.11328054219484329,,,16,148749
0.09033307433128357,,,16,148799
0.1335071325302124,,,16,148849
0.11691906303167343,,,16,148899
0.10572943836450577,,,16,148949
0.1095484048128128,,,16,148999
0.12951479852199554,,,16,149049
0.11631906032562256,,,16,149099
0.12074945867061615,,,16,149149
0.12414407730102539,,,16,149199
0.09187939763069153,,,16,149249
0.11476254463195801,,,16,149299
0.11673439294099808,,,16,149349
0.11570267379283905,,,16,149399
0.09920553863048553,,,16,149449
0.09466426074504852,,,16,149499
0.09345338493585587,,,16,149549
0.12340814620256424,,,16,149599
0.11445439606904984,,,16,149649
0.13953609764575958,,,16,149699
0.14519913494586945,,,16,149749
0.10135842859745026,,,16,149799
0.11123628169298172,,,16,149849
0.11740139871835709,,,16,149899
0.12133167684078217,,,16,149949
0.12110435962677002,,,16,149999
0.129891499876976,,,16,150049
0.09449821710586548,,,16,150099
0.15068046748638153,,,16,150149
0.0980711430311203,,,16,150199
0.10807881504297256,,,16,150249
0.1220320463180542,,,16,150299
0.10778144747018814,,,16,150349
0.103695347905159,,,16,150399
0.08021587133407593,,,16,150449
0.1504499316215515,,,16,150499
0.1423758566379547,,,16,150549
0.15421102941036224,,,16,150599
0.11651149392127991,,,16,150649
0.13905750215053558,,,16,150699
0.11830834299325943,,,16,150749
0.10432180017232895,,,16,150799
0.10073072463274002,,,16,150849
0.13355442881584167,,,16,150899
0.11179745942354202,,,16,150949
0.11875636130571365,,,16,150999
0.09671624004840851,,,16,151049
0.09506837278604507,,,16,151099
0.11101237684488297,,,16,151149
0.1312047392129898,,,16,151199
0.1149710938334465,,,16,151249
0.11185161024332047,,,16,151299
0.11733513325452805,,,16,151349
0.10624886304140091,,,16,151399
0.11600508540868759,,,16,151449
0.10227254033088684,,,16,151499
0.10996102541685104,,,16,151549
0.12630455195903778,,,16,151599
0.11976046115159988,,,16,151649
0.1394587606191635,,,16,151699
0.11289573460817337,,,16,151749
0.12532858550548553,,,16,151799
0.11791620403528214,,,16,151849
0.0984388068318367,,,16,151899
0.093594029545784,,,16,151949
0.11059267073869705,,,16,151999
0.1467478722333908,,,16,152049
0.11735488474369049,,,16,152099
0.09461741894483566,,,16,152149
0.10321348905563354,,,16,152199
0.12391305714845657,,,16,152249
0.15478239953517914,,,16,152299
0.0921541079878807,,,16,152349
0.11166185140609741,,,16,152399
0.11251150816679001,,,16,152449
0.11011094599962234,,,16,152499
0.09137021005153656,,,16,152549
0.11858328431844711,,,16,152599
0.08895547688007355,,,16,152649
0.12100930511951447,,,16,152699
0.11341816186904907,,,16,152749
0.09876307845115662,,,16,152799
0.14842502772808075,,,16,152849
0.12105917185544968,,,16,152899
0.10895600914955139,,,16,152949
0.09285057336091995,,,16,152999
0.10173382610082626,,,16,153049
0.10386089980602264,,,16,153099
0.10336282104253769,,,16,153149
0.12251931428909302,,,16,153199
0.11611109226942062,,,16,153249
0.09460382163524628,,,16,153299
0.11760587245225906,,,16,153349
0.08382623642683029,,,16,153399
0.08356290310621262,,,16,153449
0.09163405746221542,,,16,153499
0.10188030451536179,,,16,153549
0.119255930185318,,,16,153599
0.10421804338693619,,,16,153649
0.12437502294778824,,,16,153699
0.12962980568408966,,,16,153749
0.13379614055156708,,,16,153799
0.11278187483549118,,,16,153849
0.09369467198848724,,,16,153899
0.09782027453184128,,,16,153949
0.1382223218679428,,,16,153999
0.09478198736906052,,,16,154049
0.17097103595733643,,,16,154099
0.13496136665344238,,,16,154149
0.09162580966949463,,,16,154199
0.12338157743215561,,,16,154249
0.11361056566238403,,,16,154299
0.10359007120132446,,,16,154349
0.09753036499023438,,,16,154399
0.11712390184402466,,,16,154449
0.09683089703321457,,,16,154499
0.11538796126842499,,,16,154549
0.12137070298194885,,,16,154599
0.10312745720148087,,,16,154649
0.1297968029975891,,,16,154699
0.13356846570968628,,,16,154749
0.12196331471204758,,,16,154799
0.10912217944860458,,,16,154849
0.09674587100744247,,,16,154899
0.11182088404893875,,,16,154949
0.13758696615695953,,,16,154999
0.09955330938100815,,,16,155049
0.12156517803668976,,,16,155099
0.11728868633508682,,,16,155149
0.1053532138466835,,,16,155199
0.1462940126657486,,,16,155249
0.14236165583133698,,,16,155299
0.13458313047885895,,,16,155349
0.16821777820587158,,,16,155399
0.10622262954711914,,,16,155449
0.08594276756048203,,,16,155499
0.13666671514511108,,,16,155549
0.10445424914360046,,,16,155599
0.09717980772256851,,,16,155649
0.09893571585416794,,,16,155699
0.11129194498062134,,,16,155749
0.11229219287633896,,,16,155799
0.07831507176160812,,,16,155849
0.10113475471735,,,16,155899
0.12944266200065613,,,16,155949
0.09662407636642456,,,16,155999
0.11815949529409409,,,16,156049
0.1110769659280777,,,16,156099
0.12759056687355042,,,16,156149
0.10145479440689087,,,16,156199
0.12946316599845886,,,16,156249
0.11247250437736511,,,16,156299
0.12315595895051956,,,16,156349
,0.97177654504776,0.07930111885070801,16,156382
0.12689170241355896,,,17,156399
0.1221182718873024,,,17,156449
0.11789397895336151,,,17,156499
0.09332677721977234,,,17,156549
0.1323242336511612,,,17,156599
0.1298043131828308,,,17,156649
0.12107928097248077,,,17,156699
0.10132985562086105,,,17,156749
0.11454077064990997,,,17,156799
0.13271869719028473,,,17,156849
0.1345161348581314,,,17,156899
0.1501508355140686,,,17,156949
0.11669139564037323,,,17,156999
0.1386188417673111,,,17,157049
0.10946126282215118,,,17,157099
0.10835838317871094,,,17,157149
0.12357369065284729,,,17,157199
0.10352315753698349,,,17,157249
0.11843697726726532,,,17,157299
0.11293892562389374,,,17,157349
0.11506868153810501,,,17,157399
0.11752666532993317,,,17,157449
0.09204321354627609,,,17,157499
0.11906035989522934,,,17,157549
0.1037534698843956,,,17,157599
0.086430124938488,,,17,157649
0.11377579718828201,,,17,157699
0.09862188994884491,,,17,157749
0.1270836442708969,,,17,157799
0.09783494472503662,,,17,157849
0.09595444053411484,,,17,157899
0.09178989380598068,,,17,157949
0.1085643395781517,,,17,157999
0.11578396707773209,,,17,158049
0.10969074070453644,,,17,158099
0.0869673565030098,,,17,158149
0.10803119093179703,,,17,158199
0.0917515754699707,,,17,158249
0.1019827276468277,,,17,158299
0.08884823322296143,,,17,158349
0.1400197148323059,,,17,158399
0.09647902846336365,,,17,158449
0.100669726729393,,,17,158499
0.10515166074037552,,,17,158549
0.09437748044729233,,,17,158599
0.09779568761587143,,,17,158649
0.10021296888589859,,,17,158699
0.12917304039001465,,,17,158749
0.12443601340055466,,,17,158799
0.11651492863893509,,,17,158849
0.10705158859491348,,,17,158899
0.10702311247587204,,,17,158949
0.09703630954027176,,,17,158999
0.11312874406576157,,,17,159049
0.12052614241838455,,,17,159099
0.12367279827594757,,,17,159149
0.09220853447914124,,,17,159199
0.10230888426303864,,,17,159249
0.10797680914402008,,,17,159299
0.11148472875356674,,,17,159349
0.1206759363412857,,,17,159399
0.09824219346046448,,,17,159449
0.10231172293424606,,,17,159499
0.11731428653001785,,,17,159549
0.09823114424943924,,,17,159599
0.08712685108184814,,,17,159649
0.12480100244283676,,,17,159699
0.12592485547065735,,,17,159749
0.14533255994319916,,,17,159799
0.1211625412106514,,,17,159849
0.11328944563865662,,,17,159899
0.1190343126654625,,,17,159949
0.11151333898305893,,,17,159999
0.1271812468767166,,,17,160049
0.12881997227668762,,,17,160099
0.12700146436691284,,,17,160149
0.10183118283748627,,,17,160199
0.12777581810951233,,,17,160249
0.11017993092536926,,,17,160299
0.14073233306407928,,,17,160349
0.11192655563354492,,,17,160399
0.13367624580860138,,,17,160449
0.10031498223543167,,,17,160499
0.12874729931354523,,,17,160549
0.09307843446731567,,,17,160599
0.08131968230009079,,,17,160649
0.14766858518123627,,,17,160699
0.1196875125169754,,,17,160749
0.12521938979625702,,,17,160799
0.13296939432621002,,,17,160849
0.14549769461154938,,,17,160899
0.09987082332372665,,,17,160949
0.1134921982884407,,,17,160999
0.09096261858940125,,,17,161049
0.11907494813203812,,,17,161099
0.09940978139638901,,,17,161149
0.09923236072063446,,,17,161199
0.10606825351715088,,,17,161249
0.09668094664812088,,,17,161299
0.10163569450378418,,,17,161349
0.10917014628648758,,,17,161399
0.105555459856987,,,17,161449
0.11400271952152252,,,17,161499
0.09266317635774612,,,17,161549
0.0876450166106224,,,17,161599
0.12254557013511658,,,17,161649
0.0980035737156868,,,17,161699
0.12687177956104279,,,17,161749
0.11035950481891632,,,17,161799
0.13144344091415405,,,17,161849
0.1305990070104599,,,17,161899
0.10354457050561905,,,17,161949
0.12914663553237915,,,17,161999
0.11514901369810104,,,17,162049
0.10186345130205154,,,17,162099
0.1341383159160614,,,17,162149
0.08491078019142151,,,17,162199
0.11551520973443985,,,17,162249
0.08999080955982208,,,17,162299
0.11103503406047821,,,17,162349
0.14614218473434448,,,17,162399
0.10068085044622421,,,17,162449
0.10491107404232025,,,17,162499
0.09562545269727707,,,17,162549
0.10942061245441437,,,17,162599
0.12300344556570053,,,17,162649
0.12716367840766907,,,17,162699
0.09509516507387161,,,17,162749
0.11540383100509644,,,17,162799
0.10027118027210236,,,17,162849
0.1345161348581314,,,17,162899
0.11139295250177383,,,17,162949
0.11798648536205292,,,17,162999
0.10638817399740219,,,17,163049
0.11278805136680603,,,17,163099
0.13257333636283875,,,17,163149
0.10489800572395325,,,17,163199
0.09111518412828445,,,17,163249
0.11986581236124039,,,17,163299
0.11945498734712601,,,17,163349
0.10430009663105011,,,17,163399
0.12399844825267792,,,17,163449
0.11907633394002914,,,17,163499
0.08827916532754898,,,17,163549
0.11366411298513412,,,17,163599
0.10583874583244324,,,17,163649
0.1250706911087036,,,17,163699
0.0835273414850235,,,17,163749
0.13038286566734314,,,17,163799
0.11595966666936874,,,17,163849
0.11035798490047455,,,17,163899
0.11129862815141678,,,17,163949
0.10684169083833694,,,17,163999
0.11347905546426773,,,17,164049
0.09956522285938263,,,17,164099
0.11743579804897308,,,17,164149
0.10654308646917343,,,17,164199
0.09801017493009567,,,17,164249
0.11342860758304596,,,17,164299
0.10666196793317795,,,17,164349
0.1231701597571373,,,17,164399
0.0984485074877739,,,17,164449
0.11349644511938095,,,17,164499
0.1538224071264267,,,17,164549
0.13022612035274506,,,17,164599
0.1278906911611557,,,17,164649
0.11439010500907898,,,17,164699
0.12813988327980042,,,17,164749
0.1022515594959259,,,17,164799
0.11129125207662582,,,17,164849
0.14651677012443542,,,17,164899
0.14509308338165283,,,17,164949
0.10576232522726059,,,17,164999
0.08370795100927353,,,17,165049
0.11599564552307129,,,17,165099
0.09396186470985413,,,17,165149
0.12811583280563354,,,17,165199
0.09527500718832016,,,17,165249
0.13165733218193054,,,17,165299
0.12892402708530426,,,17,165349
0.1004386767745018,,,17,165399
0.11726310849189758,,,17,165449
0.11382291465997696,,,17,165499
0.10939855873584747,,,17,165549
,0.9726652503013611,0.07736817747354507,17,165581
0.07841785997152328,,,18,165599
0.09196718782186508,,,18,165649
0.08717142790555954,,,18,165699
0.08758459985256195,,,18,165749
0.10622642189264297,,,18,165799
0.09868855029344559,,,18,165849
0.11667029559612274,,,18,165899
0.10679782181978226,,,18,165949
0.13366170227527618,,,18,165999
0.11433784663677216,,,18,166049
0.1383219063282013,,,18,166099
0.1116473376750946,,,18,166149
0.1182362288236618,,,18,166199
0.1051233559846878,,,18,166249
0.08954890817403793,,,18,166299
0.08625876903533936,,,18,166349
0.10934222489595413,,,18,166399
0.10523615777492523,,,18,166449
0.1263761967420578,,,18,166499
0.1034984216094017,,,18,166549
0.12801988422870636,,,18,166599
0.10530292987823486,,,18,166649
0.09131357073783875,,,18,166699
0.10476507991552353,,,18,166749
0.1319296658039093,,,18,166799
0.11587486416101456,,,18,166849
0.08295454829931259,,,18,166899
0.09796746075153351,,,18,166949
0.11932116746902466,,,18,166999
0.11949051916599274,,,18,167049
0.1368744969367981,,,18,167099
0.09032900631427765,,,18,167149
0.11087696999311447,,,18,167199
0.10515248775482178,,,18,167249
0.09314848482608795,,,18,167299
0.10759420692920685,,,18,167349
0.13718467950820923,,,18,167399
0.09459338337182999,,,18,167449
0.12528252601623535,,,18,167499
0.12977106869220734,,,18,167549
0.10970678925514221,,,18,167599
0.11404657363891602,,,18,167649
0.10696949064731598,,,18,167699
0.12655261158943176,,,18,167749
0.083873450756073,,,18,167799
0.11731526255607605,,,18,167849
0.10525691509246826,,,18,167899
0.10936290770769119,,,18,167949
0.10312522947788239,,,18,167999
0.10947512835264206,,,18,168049
0.1125091165304184,,,18,168099
0.1207423061132431,,,18,168149
0.14821027219295502,,,18,168199
0.1274806410074234,,,18,168249
0.09906010329723358,,,18,168299
0.11226913332939148,,,18,168349
0.09795382618904114,,,18,168399
0.1134568527340889,,,18,168449
0.09525271505117416,,,18,168499
0.12593330442905426,,,18,168549
0.11107715964317322,,,18,168599
0.11820931732654572,,,18,168649
0.12857012450695038,,,18,168699
0.08809591084718704,,,18,168749
0.1002628281712532,,,18,168799
0.10831157118082047,,,18,168849
0.1337742656469345,,,18,168899
0.10149624943733215,,,18,168949
0.09423812478780746,,,18,168999
0.08829118311405182,,,18,169049
0.1470412015914917,,,18,169099
0.13103759288787842,,,18,169149
0.11748645454645157,,,18,169199
0.0756625086069107,,,18,169249
0.10245358943939209,,,18,169299
0.12105125933885574,,,18,169349
0.13372039794921875,,,18,169399
0.11040308326482773,,,18,169449
0.11096345633268356,,,18,169499
0.10347375273704529,,,18,169549
0.13532958924770355,,,18,169599
0.12067524343729019,,,18,169649
0.10856714099645615,,,18,169699
0.1374693363904953,,,18,169749
0.10074043273925781,,,18,169799
0.11435935646295547,,,18,169849
0.10715525597333908,,,18,169899
0.08855821937322617,,,18,169949
0.12084487825632095,,,18,169999
0.11560192704200745,,,18,170049
0.0970650166273117,,,18,170099
0.12646381556987762,,,18,170149
0.10844625532627106,,,18,170199
0.12452523410320282,,,18,170249
0.10430005937814713,,,18,170299
0.14568431675434113,,,18,170349
0.08733426779508591,,,18,170399
0.11164853721857071,,,18,170449
0.0973997488617897,,,18,170499
0.11814703792333603,,,18,170549
0.0928543359041214,,,18,170599
0.08063027262687683,,,18,170649
0.07968245446681976,,,18,170699
0.10593736171722412,,,18,170749
0.16090475022792816,,,18,170799
0.1021183505654335,,,18,170849
0.11235026270151138,,,18,170899
0.09471515566110611,,,18,170949
0.10089807957410812,,,18,170999
0.10329549014568329,,,18,171049
0.1034451350569725,,,18,171099
0.11233651638031006,,,18,171149
0.1221507266163826,,,18,171199
0.09898746013641357,,,18,171249
0.11589940637350082,,,18,171299
0.12579189240932465,,,18,171349
0.09268490225076675,,,18,171399
0.08811347931623459,,,18,171449
0.12146586179733276,,,18,171499
0.11017612367868423,,,18,171549
0.10646574199199677,,,18,171599
0.11462585628032684,,,18,171649
0.10302737355232239,,,18,171699
0.11187449097633362,,,18,171749
0.0991835966706276,,,18,171799
0.10833518952131271,,,18,171849
0.08963394165039062,,,18,171899
0.11997377872467041,,,18,171949
0.11760164052248001,,,18,171999
0.09787344932556152,,,18,172049
0.12525680661201477,,,18,172099
0.09929245710372925,,,18,172149
0.11938956379890442,,,18,172199
0.12237051129341125,,,18,172249
0.08901996910572052,,,18,172299
0.10153142362833023,,,18,172349
0.10066709667444229,,,18,172399
0.10488244891166687,,,18,172449
0.11464250832796097,,,18,172499
0.10231132805347443,,,18,172549
0.1344144344329834,,,18,172599
0.10178346931934357,,,18,172649
0.09215887635946274,,,18,172699
0.09190592169761658,,,18,172749
0.1161908283829689,,,18,172799
0.09326963871717453,,,18,172849
0.11752409487962723,,,18,172899
0.09488820284605026,,,18,172949
0.1224960908293724,,,18,172999
0.10178042948246002,,,18,173049
0.09012854099273682,,,18,173099
0.10210616886615753,,,18,173149
0.09926535189151764,,,18,173199
0.10835498571395874,,,18,173249
0.10661432147026062,,,18,173299
0.12860259413719177,,,18,173349
0.10127447545528412,,,18,173399
0.10900140553712845,,,18,173449
0.09682659059762955,,,18,173499
0.10243634879589081,,,18,173549
0.11876289546489716,,,18,173599
0.11220507323741913,,,18,173649
0.09611181914806366,,,18,173699
0.08507969230413437,,,18,173749
0.11299005895853043,,,18,173799
0.07588758319616318,,,18,173849
0.09274319559335709,,,18,173899
0.10198447853326797,,,18,173949
0.08864856511354446,,,18,173999
0.09166745096445084,,,18,174049
0.10377594828605652,,,18,174099
0.09721218049526215,,,18,174149
0.10381505638360977,,,18,174199
0.12377230823040009,,,18,174249
0.10743370652198792,,,18,174299
0.10832121223211288,,,18,174349
0.09334961324930191,,,18,174399
0.09972602874040604,,,18,174449
0.1127987802028656,,,18,174499
0.10635433346033096,,,18,174549
0.09713468700647354,,,18,174599
0.1011495366692543,,,18,174649
0.09814091771841049,,,18,174699
0.14048868417739868,,,18,174749
,0.9732048511505127,0.07569054514169693,18,174780
0.10133419930934906,,,19,174799
0.09681255370378494,,,19,174849
0.10641472041606903,,,19,174899
0.10767381638288498,,,19,174949
0.10858689248561859,,,19,174999
0.07909008860588074,,,19,175049
0.12823624908924103,,,19,175099
0.13813014328479767,,,19,175149
0.09786005318164825,,,19,175199
0.11170694977045059,,,19,175249
0.11459501832723618,,,19,175299
0.10887923836708069,,,19,175349
0.10616002976894379,,,19,175399
0.10716480761766434,,,19,175449
0.08624788373708725,,,19,175499
0.08911503106355667,,,19,175549
0.13515129685401917,,,19,175599
0.0814627930521965,,,19,175649
0.10781598836183548,,,19,175699
0.12168670445680618,,,19,175749
0.1153198778629303,,,19,175799
0.14797309041023254,,,19,175849
0.10759080946445465,,,19,175899
0.12573781609535217,,,19,175949
0.1356528401374817,,,19,175999
0.09602442383766174,,,19,176049
0.10535197705030441,,,19,176099
0.09961073845624924,,,19,176149
0.11662023514509201,,,19,176199
0.11605614423751831,,,19,176249
0.1612137407064438,,,19,176299
0.1448564976453781,,,19,176349
0.08414878696203232,,,19,176399
0.09091871976852417,,,19,176449
0.1314089000225067,,,19,176499
0.08449511975049973,,,19,176549
0.09559529274702072,,,19,176599
0.10594875365495682,,,19,176649
0.11500269919633865,,,19,176699
0.0855780616402626,,,19,176749
0.1081690713763237,,,19,176799
0.09268522262573242,,,19,176849
0.08540474623441696,,,19,176899
0.11444253474473953,,,19,176949
0.11079519987106323,,,19,176999
0.09462214261293411,,,19,177049
0.15055926144123077,,,19,177099
0.08924141526222229,,,19,177149
0.13377022743225098,,,19,177199
0.08292751759290695,,,19,177249
0.1168670803308487,,,19,177299
0.09725341945886612,,,19,177349
0.08314397186040878,,,19,177399
0.10195367783308029,,,19,177449
0.13347777724266052,,,19,177499
0.11530354619026184,,,19,177549
0.11433582007884979,,,19,177599
0.1065656989812851,,,19,177649
0.11871391534805298,,,19,177699
0.09793674945831299,,,19,177749
0.11168555170297623,,,19,177799
0.08119608461856842,,,19,177849
0.08292924612760544,,,19,177899
0.11459644883871078,,,19,177949
0.13260957598686218,,,19,177999
0.131556898355484,,,19,178049
0.1381823569536209,,,19,178099
0.11905529350042343,,,19,178149
0.10099929571151733,,,19,178199
0.12118033319711685,,,19,178249
0.10378439724445343,,,19,178299
0.11439522355794907,,,19,178349
0.0997866839170456,,,19,178399
0.0958486944437027,,,19,178449
0.08917894214391708,,,19,178499
0.13343288004398346,,,19,178549
0.08884001523256302,,,19,178599
0.13142834603786469,,,19,178649
0.10269982367753983,,,19,178699
0.09468767046928406,,,19,178749
0.11793270707130432,,,19,178799
0.11931376904249191,,,19,178849
0.12002988159656525,,,19,178899
0.10725301504135132,,,19,178949
0.09024607390165329,,,19,178999
0.09923942387104034,,,19,179049
0.10191698372364044,,,19,179099
0.08656591922044754,,,19,179149
0.1117217168211937,,,19,179199
0.14370089769363403,,,19,179249
0.10947126895189285,,,19,179299
0.11584190279245377,,,19,179349
0.14105916023254395,,,19,179399
0.08961166441440582,,,19,179449
0.09660875052213669,,,19,179499
0.11044821888208389,,,19,179549
0.10105177760124207,,,19,179599
0.0914311334490776,,,19,179649
0.13431064784526825,,,19,179699
0.11834489554166794,,,19,179749
0.11930975317955017,,,19,179799
0.09861942380666733,,,19,179849
0.11022231727838516,,,19,179899
0.1035066694021225,,,19,179949
0.0963573083281517,,,19,179999
0.10898584872484207,,,19,180049
0.11105279624462128,,,19,180099
0.08478397130966187,,,19,180149
0.12234422564506531,,,19,180199
0.10278617590665817,,,19,180249
0.10476352274417877,,,19,180299
0.1343446969985962,,,19,180349
0.10167325288057327,,,19,180399
0.06972701847553253,,,19,180449
0.08614963293075562,,,19,180499
0.10758735239505768,,,19,180549
0.08969131112098694,,,19,180599
0.09767601639032364,,,19,180649
0.09436297416687012,,,19,180699
0.0997801274061203,,,19,180749
0.10095172375440598,,,19,180799
0.13386400043964386,,,19,180849
0.11750656366348267,,,19,180899
0.11572805047035217,,,19,180949
0.1231064647436142,,,19,180999
0.10815159231424332,,,19,181049
0.10233769565820694,,,19,181099
0.1152978166937828,,,19,181149
0.11276804655790329,,,19,181199
0.1349654644727707,,,19,181249
0.11795231699943542,,,19,181299
0.1009228378534317,,,19,181349
0.10780820995569229,,,19,181399
0.14867284893989563,,,19,181449
0.09154102206230164,,,19,181499
0.11602180451154709,,,19,181549
0.13307274878025055,,,19,181599
0.0974518358707428,,,19,181649
0.13490845263004303,,,19,181699
0.0862790122628212,,,19,181749
0.10491795092821121,,,19,181799
0.11297757178544998,,,19,181849
0.10020183771848679,,,19,181899
0.10010462999343872,,,19,181949
0.1322946846485138,,,19,181999
0.1154078021645546,,,19,182049
0.10021413862705231,,,19,182099
0.09231367707252502,,,19,182149
0.16090866923332214,,,19,182199
0.140767902135849,,,19,182249
0.11058546602725983,,,19,182299
0.15530741214752197,,,19,182349
0.08429283648729324,,,19,182399
0.1149030402302742,,,19,182449
0.14350169897079468,,,19,182499
0.11761580407619476,,,19,182549
0.10038091242313385,,,19,182599
0.10860438644886017,,,19,182649
0.13058853149414062,,,19,182699
0.07322578877210617,,,19,182749
0.09346072375774384,,,19,182799
0.1246933862566948,,,19,182849
0.08903210610151291,,,19,182899
0.11671481281518936,,,19,182949
0.08598432689905167,,,19,182999
0.10191216319799423,,,19,183049
0.10697495937347412,,,19,183099
0.10750322788953781,,,19,183149
0.1053009182214737,,,19,183199
0.08554914593696594,,,19,183249
0.10697440803050995,,,19,183299
0.09618563950061798,,,19,183349
0.10172650963068008,,,19,183399
0.10233331471681595,,,19,183449
0.08162303268909454,,,19,183499
0.08448812365531921,,,19,183549
0.11153188347816467,,,19,183599
0.10359170287847519,,,19,183649
0.1010158509016037,,,19,183699
0.11396437883377075,,,19,183749
0.0974283441901207,,,19,183799
0.12641644477844238,,,19,183849
0.10762438178062439,,,19,183899
0.0994400754570961,,,19,183949
,0.9736344218254089,0.07415774464607239,19,183979
