dropout: 0.6530938838045345
learning_rate: 0.0002516766066536914
weight_decay: 0.000588390405069429
