dropout: 0.2349614736860477
learning_rate: 0.007677243939914105
weight_decay: 0.0009846984122392792
