dropout: 0.5832731960556515
learning_rate: 0.0004377148681056391
weight_decay: 2.5154099904738884e-06
