dropout: 0.01873622625302307
learning_rate: 1.9819797689444576e-05
weight_decay: 0.00020112644993963501
