dropout: 0.27570882973059097
learning_rate: 0.0052733509031657215
weight_decay: 0.0008616273100876369
