dropout: 0.9211000964858177
learning_rate: 0.0032604948870545037
weight_decay: 0.000853752119399025
