dropout: 0.33231082914448795
learning_rate: 0.0023803009785810063
weight_decay: 7.697501276495943e-06
