dropout: 0.03971550497275944
learning_rate: 6.063085533035255e-05
weight_decay: 0.0005044148493330825
