dropout: 0.09786238556358429
learning_rate: 9.937653968467808e-05
weight_decay: 0.00020621268904285242
