dropout: 0.012572979540001528
learning_rate: 8.562149595098267e-05
weight_decay: 0.000996993036745398
