dropout: 0.5560994974493141
learning_rate: 0.006117363982601977
weight_decay: 0.0003341967508150575
