dropout: 0.03438371359840442
learning_rate: 0.005508306036495227
weight_decay: 0.00019781795339117656
