dropout: 0.5154687478318185
learning_rate: 0.00030237097939595723
weight_decay: 0.0009942816118653137
