dropout: 0.3006659811792297
learning_rate: 0.0016736487511151803
weight_decay: 0.0008209962530912325
