dropout: 0.0021961034931675706
learning_rate: 4.53907404351344e-05
weight_decay: 0.0007913966519719963
