dropout: 0.315259504678719
learning_rate: 0.008448477816058885
weight_decay: 0.0007909316457725582
