dropout: 0.5782150949738694
learning_rate: 5.1754469833415763e-05
weight_decay: 0.0006227402929165993
