dropout: 0.7087100444803139
learning_rate: 0.0036482854361374693
weight_decay: 2.6678193056294168e-06
