dropout: 0.5510301201717481
learning_rate: 0.0008831917149886814
weight_decay: 0.00016707586526572721
